0.908852111942
-3.61470984412
-1.61470984412
0.777607578664
0.908852111942
-2.61470984412
-1.02974734339
0.555215157327
0.555215157327
-1.61470984412
-0.444784842673
0.555215157327
-4.61470984412
-0.614709844115
-2.61470984412
1.67069237475
-2.61470984412
-3.61470984412
1.70721825077
-1.02974734339
-3.61470984412
-0.614709844115
-4.61470984412
1.70721825077
-1.61470984412
-4.61470984412
1.7428421605
-1.61470984412
1.81155491059
-2.02974734339
-2.02974734339
-4.61470984412
-1.02974734339
-0.292781749228
-0.444784842673
0.970252656606
-0.444784842673
0.472752997135
-0.292781749228
0.0857298740259
-0.444784842673
0.292180751493
-1.29278174923
0.707218250772
0.292180751493
-0.807354922058
0.472752997135
-0.292781749228
-0.292781749228
-0.614709844115
0.777607578664
-0.292781749228
0.385290155885
-0.155278225478
-0.807354922058
0.292180751493
-1.02974734339
-2.02974734339
-0.807354922058
1.42968427524
-0.807354922058
1.67069237475
-4.61470984412
-2.02974734339
1.51457317283
-3.61470984412
-0.292781749228
-2.02974734339
-0.292781749228
1.38529015588
-4.61470984412
-0.807354922058
1.42968427524
-1.61470984412
-1.02974734339
-1.02974734339
-0.0297473433941
-0.444784842673
-0.807354922058
0.777607578664
0.555215157327
-3.61470984412
-4.61470984412
1.29218075149
0.192645077942
-0.807354922058
-1.61470984412
0.970252656606
