aadA   1346596 1347384 1
aarF   4178658 4180298 1
aas    3167872 3170031 -1
aat    1030877 1031581 -1
abc    287023 288054 -1
abrB   794771 795817 -1
accA   273043 274002 1
accB   3550095 3550565 1
accC   3550576 3551925 1
accD   2478690 2479604 -1
aceA   4403672 4404976 1
aceB   4402039 4403640 1
aceE   176240 178903 1
aceF   178918 180807 1
aceK   4405078 4406829 1
ackA   2447939 2449141 1
acnA   1804755 1807430 -1
acnB   185857 188454 1
acpD   1735437 1736042 1
acpP   1280113 1280349 1
acpS   2722062 2722442 -1
acpT   3750673 3751251 1
acrA   532419 533612 -1
acrB   529247 532396 -1
acrD   2593647 2596760 1
acrE   3561104 3562261 1
acrF   3562273 3565386 1
acrR   533754 534407 1
acs    4513714 4515672 -1
ada    2363134 2364195 -1
add    1537496 1538497 -1
adhE   1843128 1845806 1
adhP   1647794 1648804 1
adi    4538697 4540967 -1
adiY   4537638 4538399 -1
adk    546041 546685 1
aefA   534526 537888 1
aegA   2589615 2591576 -1
aer    3382755 3384275 -1
aes    547873 548844 -1
agaR   3421438 3422271 -1
agp    1203700 1204941 1
ahpC   670449 671012 1
ahpF   671254 672819 1
aidB   4619614 4621236 1
ais    2403067 2403672 -1
alaS   2971371 2974001 -1
aldB   3867973 3869511 -1
alkA   2211488 2212357 -1
alkB   2362481 2363131 -1
allA   576003 576485 1
allB   583958 585319 1
allC   588723 589958 -1
allD   589980 591029 -1
allP   582566 583879 1
allR   576564 577382 1
alr    4468038 4469117 1
amiA   2560333 2561202 1
amiB   4600364 4601683 1
amiC   3141356 3142609 -1
amn    2091307 2092761 -1
ampD   169354 169917 1
ampE   169914 170768 1
ampG   498600 500075 -1
ampH   428855 429985 -1
amtB   520894 522180 1
amyA   2051667 2053151 1
ansA   1371798 1372814 -1
ansB   3265481 3266527 -1
ansP   1670649 1672142 1
apaG   102283 102660 -1
apaH   101424 102272 -1
apbA   486780 487691 -1
apbE   2364276 2365328 -1
apeE   627193 629163 1
aphA   4470683 4471396 1
apt    540242 540793 1
araA   118077 119579 -1
araB   119590 121299 -1
araC   121640 122485 1
araD   117241 117936 -1
araE   3175802 3177220 -1
araH   2026132 2026689 -1
araJ   444896 446068 -1
arcA   4855370 4856086 -1
arcB   3490492 3492828 -1
arcC   595118 596011 1
argA   3142842 3144173 1
argB   4340525 4341301 1
argC   4339513 4340517 1
argD   3618456 3619673 -1
argE   4338273 4339424 -1
argG   3458857 3460266 1
argH   4341419 4342795 1
argI   4711747 4712751 -1
argR   3528028 3528498 1
argS   2002597 2004330 1
argT   2465511 2466293 -1
aroA   1062634 1063917 1
aroB   3641082 3642170 -1
aroC   2494541 2495626 -1
aroD   1439617 1440375 -1
aroE   3573266 3574084 -1
aroF   2811475 2812545 -1
aroG   823772 824824 1
aroH   1425398 1426444 -1
aroK   3642227 3642748 -1
aroL   440845 441390 1
aroM   441859 442536 1
aroP   173380 174753 -1
artI   960294 961025 -1
artJ   957935 958666 -1
artM   958903 959571 -1
artP   961043 961771 -1
artQ   959571 960287 -1
asd    3708628 3709734 -1
asmA   2204991 2206847 -1
asnA   4085308 4086300 1
asnB   738939 740603 -1
asnC   4084699 4085157 -1
asnS   1091479 1092879 -1
aspA   4570945 4572381 -1
aspC   1088406 1089596 -1
aspS   1995111 1996883 -1
asrA   2686443 2687486 1
asrB   2687490 2688308 1
asrC   2688319 2689332 1
astA   1383411 1384445 1
astB   1385917 1387260 1
astC   1382194 1383420 1
astD   1384442 1385920 1
astE   1387253 1388221 1
atpA   4076434 4077975 -1
atpB   4079352 4080167 -1
atpC   4073671 4074090 -1
atpD   4074111 4075493 -1
atpE   4079066 4079305 -1
atpF   4078536 4079006 -1
atpG   4075520 4076383 -1
atpH   4077988 4078521 -1
atpI   4080176 4080556 -1
avrA   3009898 3010806 -1
avtA   3852732 3853982 1
b2145  2280943 2281188 1
bacA   3370567 3371391 -1
baeR   2224537 2225259 1
baeS   2223137 2224540 1
barA   3106519 3109275 1
basR   4533719 4534387 -1
basS   4532639 4533709 -1
bax    3849391 3850215 -1
bcfA   24469 25011 1
bcfB   25112 25798 1
bcfC   25803 28424 1
bcfD   28425 29432 1
bcfE   29433 29978 1
bcfF   29994 30512 1
bcfG   30478 31209 1
bcfH   31274 32119 1
bcp    2605639 2606109 1
bcr    2322483 2323673 -1
bcsC   3797418 3798527 -1
bfd    3597923 3598117 -1
bfr    3597374 3597850 -1
bglA   3209307 3210740 1
bglJ   4806803 4807477 1
bglX   2261173 2263470 -1
bigA   3629167 3635028 1
bioA   858794 860083 -1
bioB   860170 861210 1
bioC   862348 863103 1
bioD   863096 863782 1
bioF   861207 862364 1
bioH   3667888 3668658 -1
birA   4357697 4358659 1
bisC   3830320 3832653 -1
blc    4581834 4582367 -1
bolA   501001 501318 1
brnQ   453258 454577 1
btuB   4348110 4349954 1
btuC   1419571 1420551 1
btuD   1421194 1421943 1
btuE   1420643 1421194 1
btuF   241269 242069 -1
btuR   1815127 1815717 1
cadA   2699950 2702094 1
cadB   2698536 2699867 1
cadC   2696631 2698175 1
cafA   3539847 3541316 -1
caiA   85509 86651 -1
caiB   84180 85397 -1
caiC   82564 84117 -1
caiD   81725 82510 -1
caiE   81020 81616 -1
caiF   80548 80943 1
caiT   86686 88203 -1
carA   75880 77028 1
carB   77047 80274 1
cbiA   2112422 2113801 -1
cbiC   2110823 2111455 -1
cbiD   2109684 2110823 -1
cbiE   2109085 2109690 -1
cbiF   2107760 2108533 -1
cbiG   2106724 2107779 -1
cbiH   2105999 2106724 -1
cbiJ   2105211 2106002 -1
cbiK   2104414 2105208 -1
cbiL   2103704 2104417 -1
cbiM   2102970 2103707 -1
cbiN   2102687 2102968 -1
cbiO   2101199 2102014 -1
cbiP   2099682 2101202 -1
cbiT   2108517 2109095 -1
cboQ   2102023 2102700 -1
cbpA   1198999 1199919 -1
cca    3369221 3370462 1
ccmA   2353045 2353662 -1
ccmA   4017973 4018590 -1
ccmB   2352389 2353048 -1
ccmB   4017317 4017976 -1
ccmC   2351600 2352337 -1
ccmC   4016528 4017265 -1
ccmD   2351391 2351603 -1
ccmD   4016319 4016531 -1
ccmE   2350915 2351394 -1
ccmE   4015843 4016322 -1
ccmF   2348987 2350918 -1
ccmF   4013915 4015846 -1
ccmG   2348433 2348990 -1
ccmG   4013361 4013918 -1
ccmH   2347393 2348436 -1
ccmH   4012321 4013364 -1
cdaR   246072 247229 1
cdd    2279166 2280050 1
cdsA   260126 260983 1
cedA   1399731 1399973 1
celA   1391807 1392127 1
celB   1392210 1393568 1
celC   1393619 1393966 1
celD   1393977 1394819 1
celF   1394944 1396299 1
celG   1396312 1397070 1
cfa    1504235 1505383 -1
chaA   1869253 1870353 1
chaB   1868756 1868986 -1
cheA   2017178 2019193 -1
cheB   2012690 2013739 -1
cheM   2014756 2016417 -1
cheR   2013736 2014602 -1
cheW   2016654 2017157 -1
cheY   2012283 2012672 -1
cheZ   2011628 2012272 -1
cibB   2111466 2112425 -1
cigR   3960748 3961227 -1
cirA   2296551 2298542 -1
citA   751371 752675 -1
citB   752726 753865 -1
citC   686566 687642 -1
citC2  68637 69680 1
citD   686273 686569 -1
citD2  69710 70003 1
citE   685368 686276 -1
citE2  70000 70869 1
citF   683829 685358 -1
citF2  70880 72400 1
citG   682406 683302 -1
citG2  72929 73837 1
citT   680905 682368 -1
citX   683274 683825 -1
citX2  72400 72951 1
clpA   1022698 1024974 1
clpB   2802116 2804689 -1
clpP   503210 503833 1
clpX   504085 505356 1
cls    1832868 1834328 1
cmk    1064994 1065677 1
coaA   4358694 4359644 -1
cobB   1306775 1307596 1
cobC   705072 705680 -1
cobD   705777 706871 1
cobS   2098400 2099143 -1
cobT   2097303 2098373 -1
cobU   2099140 2099685 -1
cof    514231 515049 1
copA   557945 560446 -1
copR   1183637 1184383 -1
copS   1182280 1183644 -1
corA   4158175 4159125 1
corE   2818729 2819520 1
cpdB   4639560 4641503 -1
cpsG   2187020 2188390 -1
cpxA   4268376 4269749 -1
cpxP   4270595 4271095 1
cpxR   4269746 4270444 -1
crcB   693182 693565 -1
creA   4843747 4844220 1
creB   4844233 4844922 1
creC   4844922 4846346 1
creD   4846404 4847753 1
crl    364528 364929 1
crp    3615645 3616277 1
crr    2546660 2547169 1
csdA   3135956 3137161 1
csgA   1231630 1232085 1
csgB   1231133 1231588 1
csgC   1232147 1232473 1
csgD   1229728 1230378 -1
csgE   1229328 1229723 -1
csgF   1228885 1229301 -1
csgG   1228025 1228858 -1
csiE   2691074 2692351 1
cspA   3836439 3836651 1
cspB   2079225 2079437 -1
cspC   1935547 1935756 -1
cspD   1021802 1022023 -1
cspE   692915 693124 1
csrA   2970951 2971136 -1
cstA   661274 663379 1
cueO   196532 198142 1
cueR   560556 560972 1
cutA   4569061 4569408 -1
cutC   2001025 2001771 -1
cvpA   2475891 2476379 -1
cyaA   4146367 4148913 1
cyaY   4150547 4150867 -1
cybB   1729823 1730353 -1
cybC   4683278 4683664 1
cycA   4634848 4636257 1
cydA   809529 811097 1
cydB   811113 812252 1
cydC   1031626 1033347 -1
cydD   1033348 1035114 -1
cyoA   497191 498147 -1
cyoB   495189 497180 -1
cyoC   494585 495199 -1
cyoD   494256 494585 -1
cyoE   493354 494244 -1
cypD   508668 510539 1
cysA   2552630 2553727 -1
cysB   1808407 1809381 -1
cysC   3072350 3072955 -1
cysD   3074391 3075299 -1
cysE   3894118 3894939 -1
cysG   3627468 3628841 1
cysH   3088189 3088923 -1
cysI   3088999 3090711 -1
cysJ   3090711 3092510 -1
cysK   2543231 2544202 1
cysM   2551651 2552562 -1
cysN   3072942 3074381 -1
cysP   2555425 2556441 -1
cysQ   4641771 4642511 1
cysS   599135 600520 1
cysU   2554592 2555425 -1
cysW   2553717 2554592 -1
cysZ   2542306 2543067 1
cytR   4302181 4303206 -1
dacA   698401 699612 -1
dacB   3468654 3470087 1
dacC   935497 936699 1
dacD   2136025 2137197 -1
dadA   1902689 1903987 -1
dadX   1901605 1902675 -1
dam    3638690 3639526 -1
damX   3639707 3640984 -1
dapA   2604043 2604921 -1
dapB   74017 74838 1
dapD   249289 250113 -1
dapE   2597694 2598821 1
dapF   4152259 4153086 1
dbpA   1748288 1749661 -1
dcd    2206886 2207467 -1
dcm    2074329 2075759 -1
dcoB   831919 833220 1
dcoC   829868 830113 1
dcp    1589687 1591729 1
dctA   3790270 3791556 -1
dcuA   4569529 4570830 -1
dcuB   4547107 4548447 -1
dcuC   690391 691776 -1
dcuR   4549177 4549896 -1
dcuS   4549893 4551524 -1
ddg    2514561 2515481 1
ddlA   433543 434637 -1
ddlB   152611 153531 1
deaD   3446185 3448125 -1
dedA   2479754 2480413 -1
dedD   2476690 2477364 -1
def    3576936 3577445 1
degQ   3515417 3516784 1
degS   3516877 3517947 1
deoA   4822334 4823656 1
deoB   4823708 4824931 1
deoC   4821413 4822210 1
deoD   4825141 4825860 1
deoR   936744 937502 -1
dfp    3923518 3924741 1
dgkA   4458772 4459140 1
dgoA   4030635 4031783 -1
dgoK   4032380 4033258 -1
dgoR   4033255 4033944 -1
dgoT   4029213 4030550 -1
dgt    242845 244362 1
dinF   4460035 4461360 1
dinG   887158 889302 1
dinI   1248196 1248441 -1
dinP   357800 358855 1
djlA   108424 109236 1
dksA   216398 216853 -1
dld    2263737 2265467 1
dlhH   4173793 4174605 -1
dmsA   1045321 1047765 1
dmsB   1047776 1048393 1
dmsC   1048395 1049258 1
dnaA   4043624 4045024 -1
dnaB   4466591 4468006 1
dnaC   4802792 4803529 -1
dnaE   269548 273030 1
dnaG   3374506 3376251 1
dnaJ   13595 14734 1
dnaK   11593 13509 1
dnaN   4042519 4043619 -1
dnaQ   303402 304133 1
dnaT   4803532 4804071 -1
dnaX   540907 542835 1
dniR   299923 301290 -1
dpiA   689657 690337 1
dpiB   688027 689688 1
dppA   3814422 3816029 -1
dppB   3813246 3814265 -1
dppC   3812334 3813236 -1
dppD   3811340 3812323 -1
dppF   3810330 3811343 -1
dps    897487 897990 -1
dsbA   4204199 4204822 1
dsbB   1908514 1909044 1
dsbC   3203688 3204401 -1
dsbD   4567382 4569085 -1
dsbG   669262 670008 -1
dsdA   4004453 4005775 1
dsdC   4001949 4002872 -1
dsdX   4003098 4004435 1
dut    3924722 3925177 1
dxr    257846 259042 1
dxs    474630 476492 -1
ecnA   4580195 4580371 1
ecnB   4580479 4580625 1
ecnR   4580656 4581243 -1
eco    2360059 2360553 1
eda    1976942 1977583 -1
edd    1977621 1979432 -1
efp    4579610 4580176 1
ego    4283501 4285036 1
elaA   2419138 2419599 -1
elaB   2418778 2419089 -1
elaC   2419660 2420577 1
emrA   2961778 2962950 1
emrB   2962967 2964505 1
emrD   3999689 4000873 1
emrR   2961121 2961651 1
emtA   1898016 1898627 -1
endA   3255404 3256111 1
engA   2651457 2652929 -1
eno    3097364 3098662 -1
entA   659921 660676 1
entB   659064 659921 1
entC   656255 657430 1
entD   640808 641512 -1
entE   657440 659050 1
entF   645462 649346 1
envE   1329896 1330417 -1
envF   1328189 1328977 -1
envR   3560028 3560690 -1
envZ   3658257 3659609 -1
epd    3231877 3232923 -1
era    2723925 2724830 -1
erfK   2096296 2097225 -1
eutA   2568624 2570027 -1
eutB   2567251 2568612 -1
eutC   2566336 2567232 -1
eutD   2575543 2576559 -1
eutE   2573397 2574800 -1
eutG   2571370 2572557 -1
eutH   2570024 2571250 -1
eutJ   2572547 2573386 -1
eutK   2565160 2565654 -1
eutL   2565667 2566326 -1
eutM   2575212 2575502 -1
eutN   2574812 2575111 -1
eutP   2578023 2578502 -1
eutQ   2577356 2578045 -1
eutR   2564060 2565112 -1
eutS   2578515 2578850 -1
eutT   2576556 2577359 -1
exbB   3320009 3320743 -1
exbD   3319577 3320002 -1
exo    3123597 3124412 1
exoX   1971072 1971770 1
fabA   1157908 1158426 -1
fabB   2488622 2489836 -1
fabD   1278281 1279210 1
fabF   1280435 1281676 1
fabG   1279223 1279957 1
fabH   1277312 1278265 1
fabI   1792136 1792924 1
fabZ   266536 266991 1
fadA   4188137 4189300 -1
fadB   4189310 4191499 -1
fadD   1915222 1916907 -1
fadH   3386255 3388273 1
fadL   2502389 2503702 1
fadR   1905889 1906608 -1
fba    3229511 3230590 -1
fbaB   2234965 2236017 -1
fbp    4655498 4656496 -1
fdhD   4248003 4248839 1
fdhE   4242285 4243214 -1
fdhF   4525350 4527497 -1
fdnG   1650442 1653489 -1
fdnH   1649544 1650428 -1
fdnI   1648895 1649551 -1
fdoG   4244758 4247808 -1
fdoH   4243843 4244745 -1
fdoI   4243211 4243846 -1
fdrA   591360 593024 1
fdx    2677860 2678195 -1
feoA   3663890 3664117 1
feoB   3664136 3666454 1
fepA   641558 643813 -1
fepB   654990 655946 -1
fepC   650785 651579 -1
fepD   652565 653572 -1
fepE   649596 650732 1
fepG   651576 652565 -1
fes    644002 645216 1
ffh    2817202 2818563 -1
fhlA   3003702 3005780 1
fhuA   223738 225927 1
fhuB   227660 229717 1
fhuC   225976 226773 1
fhuD   226773 227663 1
fhuE   1287887 1290061 -1
fhuF   4808137 4808925 -1
fic    3620354 3620956 -1
fidL   3957723 3958187 -1
fimA   604115 604672 1
fimC   605325 606017 1
fimD   606048 608660 1
fimF   609692 610210 1
fimH   608675 609682 1
fimI   604748 605281 1
fimW   612706 613302 -1
fimY   611492 612214 -1
fimZ   610256 610888 -1
fis    3556262 3556558 1
fixA   88684 89454 1
fixB   89470 90411 1
fixC   90461 91747 1
fixX   91744 92031 1
fklB   4633890 4634552 1
fkpA   3604871 3605689 -1
fldA   757128 757658 -1
fldB   3205434 3205955 1
flgA   1257431 1258090 -1
flgB   1258247 1258663 1
flgC   1258667 1259071 1
flgD   1259083 1259781 1
flgE   1259808 1261019 1
flgF   1261040 1261795 1
flgG   1261809 1262591 1
flgH   1262646 1263344 1
flgI   1263356 1264453 1
flgJ   1264453 1265403 1
flgK   1265468 1267129 1
flgL   1267144 1268097 1
flgM   1257046 1257339 -1
flgN   1256619 1257041 -1
flhA   2008212 2010290 -1
flhB   2010283 2011434 -1
flhC   2021136 2021720 -1
flhD   2021717 2022067 -1
flhE   2007820 2008212 -1
fliA   2044747 2045466 -1
fliB   2046374 2047579 -1
fliC   2047658 2049145 -1
fliD   2049402 2050805 1
fliE   2056008 2056322 -1
fliF   2056539 2058221 1
fliG   2058214 2059209 1
fliH   2059202 2059909 1
fliI   2059909 2061279 1
fliJ   2061301 2061744 1
fliK   2061741 2062958 1
fliL   2063063 2063530 1
fliM   2063535 2064539 1
fliN   2064536 2064949 1
fliO   2064949 2065326 1
fliP   2065326 2066063 1
fliQ   2066073 2066342 1
fliR   2066351 2067145 1
fliS   2050820 2051227 1
fliT   2051227 2051595 1
fliY   2043190 2043990 -1
fliZ   2044137 2044688 -1
fljA   2912623 2913162 -1
fljB   2913230 2914750 -1
flk    2483595 2484596 1
fmt    3577461 3578408 1
fnr    1754332 1755126 1
focA   1057438 1058295 -1
folA   100839 101318 1
folB   3371486 3371848 -1
folC   2477354 2478622 -1
folD   602702 603568 -1
folE   2290444 2291112 -1
folK   213398 213877 -1
folP   3463737 3464585 -1
foxA   412663 414771 1
fpr    4292377 4293123 -1
frdA   4583982 4585772 -1
frdB   4583255 4583989 -1
frdC   4582849 4583244 -1
frdD   4582479 4582838 -1
frr    257148 257705 1
fruA   2303581 2305269 -1
fruF   2306224 2307354 -1
fruK   2305286 2306224 -1
fruR   138337 139341 1
frwB   4328395 4328715 1
frwC   4327301 4328380 1
frwD   4331957 4332310 1
fsr    552241 553461 -1
ftn    2029391 2029888 1
ftnB   2027240 2027743 1
ftsA   154360 155622 1
ftsE   3738075 3738743 -1
ftsI   141726 143492 1
ftsJ   3466728 3467354 -1
ftsK   1037371 1041426 1
ftsL   141345 141710 1
ftsN   4301113 4302087 -1
ftsQ   153533 154363 1
ftsW   148716 149960 1
ftsX   3737027 3738082 -1
ftsY   3738746 3740221 -1
ftsZ   155683 156834 1
fucA   3125669 3126316 -1
fucI   3128220 3129995 1
fucK   3130096 3131514 1
fucO   3124504 3125652 -1
fucR   3131996 3132706 1
fucU   3131516 3131938 1
fumA   1542187 1543929 1
fumB   4545365 4547011 -1
fumC   1544000 1545403 1
fur    756394 756846 -1
fusA   3599558 3601672 -1
fxsA   4572683 4573198 1
gabD   2940134 2941582 1
gabP   2943010 2944410 1
gabT   2941597 2942880 1
galE   840581 841597 -1
galF   2178957 2179850 -1
galK   838373 839521 -1
galM   837339 838379 -1
galP   3253339 3254733 1
galR   3170624 3171652 1
galS   2288115 2289137 -1
galT   839524 840570 -1
galU   1847828 1848736 -1
gapA   1368693 1369688 -1
garD   3418669 3420240 1
garK   3415210 3416355 -1
garL   3417369 3418139 -1
garR   3416453 3417343 -1
gcd    198220 200610 -1
gcl    577467 579248 1
gcp    3372814 3373827 -1
gcpE   2656256 2657374 -1
gcvA   3134272 3135189 -1
gcvH   3215173 3215562 -1
gcvP   3212137 3215010 -1
gcvR   2605001 2605639 1
gcvT   3215588 3216682 -1
gdhA   1378636 1379979 -1
ggt    3720462 3722204 -1
ghmA   355281 355859 1
gidA   4081898 4083787 -1
gidB   4081172 4081795 -1
gip    579261 580037 1
gldA   4322703 4323806 -1
glgA   3701379 3702812 -1
glgB   3706095 3708281 -1
glgC   3702812 3704107 -1
glgP   3698912 3701359 -1
glgS   3359314 3359523 -1
glgX   3704122 3706098 -1
glk    2517964 2518929 -1
glmS   4069035 4070864 -1
glmU   4071053 4072423 -1
glnA   4215599 4217008 -1
glnB   2703659 2703997 -1
glnD   250143 252815 -1
glnE   3364040 3366883 -1
glnG   4212857 4214266 -1
glnH   896264 897010 -1
glnK   520524 520862 1
glnL   4214275 4215324 -1
glnP   895461 896120 -1
glnQ   894742 895464 -1
glnS   747421 749088 1
gloA   1512450 1512857 -1
gloB   301362 302117 -1
glpA   2390236 2391864 1
glpB   2391854 2393113 1
glpC   2393110 2394300 1
glpD   3688731 3690239 1
glpE   3688206 3688532 -1
glpF   4295871 4296716 -1
glpG   3687300 3688130 -1
glpK   4294342 4295850 -1
glpQ   2387530 2388600 -1
glpR   3686448 3687206 -1
glpT   2388605 2389963 -1
glpX   4293220 4294230 -1
gltA   795954 797237 -1
gltB   3494523 3498983 1
gltD   3498993 3500411 1
gltI   728909 729835 -1
gltJ   728009 728749 -1
gltK   727335 728009 -1
gltL   726610 727335 -1
gltP   4523016 4524326 1
gltS   3939819 3941024 -1
gltX   2530163 2531578 -1
glxK   586699 587847 1
glxR   580138 581016 1
glyA   2693681 2694934 -1
glyQ   3841849 3842760 -1
glyS   3839770 3841839 -1
gmd    2192603 2193724 -1
gmk    3933098 3933721 1
gnd    2159361 2160767 -1
gntK   3711495 3712028 -1
gntR   3712167 3713162 -1
gntT   3670390 3671706 1
gntU   3710158 3711498 -1
gogB   2728976 2730469 1
gor    3768593 3769945 1
gph    3637244 3638002 -1
gpmA   836363 837115 -1
gpmB   4842022 4842669 1
gppA   4121827 4123308 -1
gpsA   3895017 3896036 -1
gpt    362679 363137 1
greA   3467930 3468406 -1
greB   3660551 3661024 1
grpE   2821587 2822177 -1
grxA   945074 945337 -1
grxB   1250351 1250998 -1
grxC   3896547 3896798 -1
gshA   2966935 2968491 -1
gshB   3256939 3257886 1
gsk    548997 550301 1
gsp    3302347 3304203 -1
gst    1525740 1526345 -1
guaA   2622805 2624382 -1
guaB   2624452 2625918 -1
guaC   164053 165096 1
gudD   3110539 3111879 -1
gudT   3113237 3114595 -1
gutM   2981080 2981439 1
gutQ   2982442 2983368 1
gyrA   2373711 2376347 -1
gyrB   4038855 4041269 -1
hcaT   2692346 2693485 -1
hcp    1012963 1014615 -1
hcr    1011983 1012954 -1
helD   1166434 1168488 1
hemA   1874454 1875710 -1
hemB   423678 424652 -1
hemC   4145049 4146005 -1
hemD   4144312 4145052 -1
hemE   4384145 4385209 1
hemF   2561205 2562104 1
hemG   4195136 4195681 1
hemH   546914 547876 1
hemK   1872498 1873331 -1
hemL   237211 238491 -1
hemN   4211171 4212544 1
hemX   4143121 4144290 -1
hemY   4141922 4143121 -1
hepA   110002 112908 -1
hflB   3464690 3466624 -1
hflC   4607713 4608717 1
hflK   4606451 4607710 1
hflX   4604955 4606235 1
hfq    4604575 4604883 1
hha    528131 528349 -1
hilA   3019856 3021517 1
hilC   3012107 3012994 -1
hilD   3017836 3018765 1
himA   1419069 1419368 1
himD   1067620 1067904 1
hin    2914842 2915414 1
hisA   2154651 2155388 1
hisB   2152994 2154061 1
hisC   2151918 2152997 1
hisD   2150617 2151921 1
hisF   2155370 2156146 1
hisG   2149615 2150514 1
hisH   2154058 2154651 1
hisI   2156140 2156751 1
hisJ   2464491 2465273 -1
hisM   2462918 2463625 -1
hisP   2462131 2462907 -1
hisQ   2463622 2464308 -1
hisS   2654871 2656145 -1
hlpA   264916 265401 1
hmpA   2695259 2696449 1
hnr    1848939 1849952 -1
hns    1847283 1847696 1
hofB   166319 167704 -1
hofC   165127 166329 -1
hofQ   3643213 3644451 -1
holA   707489 708520 -1
holB   1284262 1285266 1
holC   4719868 4720350 -1
holD   4812269 4812706 1
holE   1970054 1970284 1
hopD   3596910 3597377 1
hpaA   1195422 1196318 1
hpaB   1185726 1187288 -1
hpaC   1185196 1185708 -1
hpaD   1190975 1191826 1
hpaE   1189507 1190973 1
hpaF   1191836 1192216 1
hpaG   1188221 1189510 1
hpaH   1192359 1193162 1
hpaI   1193173 1193964 1
hpaR   1187506 1187946 -1
hpaX   1194036 1195412 1
hpt    200816 201352 1
hrpA   1731334 1735236 -1
hrpB   218309 220783 1
hscA   2678197 2680047 -1
hscB   2680060 2680575 -1
hscC   722533 724212 -1
hsdM   4779012 4780601 -1
hsdR   4780759 4784268 -1
hsdS   4777606 4779015 -1
hslJ   1741129 1741539 1
hslU   4299150 4300481 -1
hslV   4300491 4301021 -1
htgA   10092 10805 -1
htpG   543902 545800 1
htpX   1940059 1940940 -1
htrA   244492 245919 1
htrB   1242616 1243536 -1
hupA   4386709 4386981 1
hupB   508105 508377 1
hutC   854047 854772 1
hutG   853061 854002 1
hutH   856655 858175 1
hutI   851841 853064 1
hybA   3311655 3312641 -1
hybB   3310487 3311665 -1
hybC   3308787 3310490 -1
hybD   3308293 3308787 -1
hybE   3307812 3308300 -1
hybF   3307478 3307819 -1
hybG   3307202 3307450 -1
hycA   2999127 2999588 -1
hycB   2998373 2998981 -1
hycC   2996547 2998373 -1
hycD   2995621 2996544 -1
hycE   2993894 2995603 -1
hycF   2993342 2993884 -1
hycG   2992575 2993342 -1
hycH   2992168 2992578 -1
hycI   2991705 2992175 -1
hydG   4389839 4391164 1
hydH   4388436 4389833 1
hydN   2990123 2990668 -1
hypA   2999798 3000154 1
hypB   3000223 3001095 1
hypC   3001086 3001358 1
hypD   3001358 3002476 1
hypE   3002515 3003483 1
hypF   2987737 2989977 -1
hypO   3312644 3313762 -1
iacP   3024412 3024660 -1
iadA   4766093 4767265 -1
iagB   3021535 3022017 1
iap    3075550 3076596 1
ibpA   4009916 4010329 -1
ibpB   4009378 4009806 -1
icc    3346463 3347290 -1
icdA   1324385 1325635 1
iciA   3225590 3226483 1
iclR   4407211 4408035 -1
idi    3198598 3199143 1
idnD   4727963 4728994 -1
idnK   4729211 4729741 1
idnO   4727174 4727938 -1
idnR   4724731 4725729 -1
idnT   4725793 4727112 -1
ileS   53855 56689 1
ilvA   4113840 4115384 1
ilvB   3995917 3997605 -1
ilvC   4117377 4118852 1
ilvD   4111987 4113837 1
ilvE   4110897 4111826 1
ilvG   4108973 4110619 1
ilvH   137562 138053 1
ilvI   135898 137559 1
ilvL   4108735 4108833 1
ilvM   4110619 4110879 1
ilvN   3995623 3995913 -1
ilvY   4116326 4117213 -1
imp    105810 108170 -1
infA   1030347 1030565 -1
infB   3453610 3456288 -1
infC   1414242 1414676 1
invA   3038400 3040457 -1
invB   3037969 3038376 -1
invC   3036677 3037972 -1
invE   3040482 3041600 -1
invF   3043282 3043932 -1
invG   3041597 3043285 -1
invH   3044389 3044832 1
invI   3036256 3036699 -1
invJ   3035246 3036256 -1
ipk    1876644 1877495 1
iroB   2916377 2917492 1
iroC   2917573 2921226 1
iroD   2921336 2922580 1
iroE   2922612 2923547 1
iroN   2923589 2925769 -1
ispA   476516 477415 -1
ispB   3473347 3474318 1
ispD   3070745 3071455 -1
ispF   3070266 3070745 -1
ivbL   3997712 3997810 -1
katE   1397114 1399366 -1
katG   4319583 4321763 1
kbl    3903917 3905113 -1
kdgK   3787580 3788509 1
kdgR   1937671 1938462 -1
kdgT   190200 191153 1
kdpA   772356 774035 -1
kdpB   770287 772335 -1
kdpC   769694 770278 -1
kdpD   767013 769697 -1
kdpE   766339 767016 -1
kdsA   1870407 1871261 -1
kdsB   1074664 1075410 1
kdtA   3919338 3920615 1
kdtB   3920624 3921103 1
kduD   3177574 3178335 -1
kduI   3178392 3179228 -1
kefB   3607211 3609016 -1
kefC   98778 100640 1
kgtP   2794375 2795676 -1
ksgA   102663 103484 -1
kup    4089594 4091462 1
lamB   4452079 4453437 1
lasT   4856722 4857408 1
ldcC   276022 278163 1
ldhA   1740029 1741018 1
lepA   2726772 2728571 -1
lepB   2725781 2726755 -1
leuA   132167 133738 -1
leuB   131076 132167 -1
leuC   129673 131073 -1
leuD   129057 129662 -1
leuL   133826 133912 -1
leuO   134569 135513 1
leuS   709125 711707 -1
lexA   4459249 4459857 1
lgt    3158818 3159693 -1
lig    2539001 2541016 -1
ligT   217751 218281 -1
lipA   694862 695827 -1
lipB   697288 697863 -1
livF   3728654 3729367 -1
livG   3729369 3730136 -1
livH   3731407 3732333 -1
livJ   3734502 3735599 -1
livK   3732393 3733502 -1
livM   3730133 3731410 -1
lldD   3888337 3889527 1
lldP   3885912 3887567 1
lldR   3887564 3888340 1
lnt    730172 731710 -1
lolA   1041566 1042180 1
lolB   1876024 1876647 1
lon    505542 507896 1
lonH   1158495 1160255 -1
lpdA   181007 182431 1
lpfA   3827449 3827985 -1
lpfB   3826666 3827364 -1
lpfC   3824115 3826643 -1
lpfD   3823018 3824097 -1
lpfE   3822485 3823012 -1
lplA   4831413 4832429 -1
lpp    1459379 1459615 -1
lppB   1459057 1459296 -1
lpxA   266995 267783 1
lpxB   267783 268931 1
lpxC   156935 157852 1
lpxD   265405 266430 1
lpxH   597743 598465 -1
lpxK   1072180 1073157 1
lpxO   4527852 4528760 -1
lrhA   2440125 2441063 -1
lrp    1036742 1037236 1
lspA   56689 57189 1
ltaA   1009067 1010068 -1
luxS   2966270 2966785 -1
lysA   3172695 3173957 -1
lysC   4438468 4439817 -1
lysP   2298888 2300357 -1
lysR   3174075 3175010 1
lysS   3199219 3200736 -1
lytB   57796 58746 1
lyxK   3860963 3862459 1
maa    527401 527952 -1
maeB   2579979 2582258 -1
malE   4449329 4450528 -1
malF   4447653 4449197 -1
malG   4446748 4447638 -1
malK   4450881 4451990 1
malM   4453601 4454518 1
malP   3673913 3676306 -1
malQ   3671825 3673903 -1
malS   3850531 3852558 1
malT   3676900 3679605 1
malZ   456184 458001 1
manA   1540812 1541987 -1
manC   2188501 2189943 -1
manX   1928533 1929501 1
manY   1929554 1930354 1
manZ   1930358 1931218 1
map    253052 253846 -1
marA   1597094 1597528 -1
marB   1596850 1597065 -1
marC   1598190 1598855 1
marR   1597497 1597931 -1
marT   3958198 3959055 -1
mazG   3100610 3101410 -1
mdaA   945781 946503 1
mdaB   3342910 3343491 1
mdfA   938495 939727 1
mdh    3526676 3527614 -1
mdlA   516766 518538 1
mdlB   518531 520312 1
mdoB   4799699 4801951 -1
mdoC   1234992 1236146 -1
mdoG   1236418 1237953 1
mdoH   1237946 1240489 1
melA   4542398 4543753 1
melB   4543837 4545267 1
melR   4541197 4542129 -1
menA   4298154 4299083 -1
menB   2413999 2414856 -1
menC   2413037 2413999 -1
menD   2415626 2417296 -1
menE   2411673 2413040 -1
menF   2417382 2418677 -1
menG   4297576 4298061 -1
mepA   2493713 2494537 -1
mesJ   278671 279963 1
metA   4400841 4401770 1
metB   4309713 4310873 1
metC   3320995 3322182 1
metE   4169762 4172026 1
metF   4318528 4319418 1
metG   2249739 2251772 1
metH   4408252 4412022 1
metJ   4309131 4309448 -1
metK   3251693 3252847 1
metL   4310876 4313308 1
metR   4168560 4169513 -1
mfd    1298895 1302341 -1
mglA   2284964 2286484 -1
mglB   2286618 2287616 -1
mglC   2283938 2284948 -1
mgsA   1168524 1168982 -1
mgtA   4699688 4702396 1
mgtB   3961542 3964268 -1
mgtC   3964488 3965183 -1
miaA   4603542 4604492 1
miaB   734487 735911 -1
miaE   4713345 4714157 1
mig-14 2929595 2930491 1
mig-3  1963476 1964357 -1
minC   1912087 1912794 1
minD   1912818 1913630 1
minE   1913634 1913900 1
mioC   4084166 4084609 -1
mipA   1364189 1364935 1
misL   3954761 3957628 1
mlc    1565101 1566321 1
mltA   3139759 3140856 -1
mltB   2976975 2978054 -1
mltC   3270153 3271238 1
mntH   2523719 2524960 -1
moaA   870638 871627 1
moaB   871649 872161 1
moaC   872164 872649 1
moaD   872636 872887 1
moaE   872889 873341 1
mobA   4202196 4202780 -1
mobB   4201684 4202199 -1
mod    403331 405289 1
modA   845675 846448 1
modB   846448 847137 1
modC   847140 848198 1
modE   844442 845230 -1
modF   842899 844374 -1
moeA   915711 916952 -1
moeB   914962 915711 -1
mog    8729 9319 1
mopA   4575111 4576757 1
mopB   4574774 4575067 1
motA   2020124 2021011 -1
motB   2019198 2020127 -1
mpl    4656671 4658050 1
mppA   1771997 1773610 -1
mraY   146315 147397 1
mrcA   3646629 3649205 1
mrcB   220923 223445 1
mrdA   702023 703924 -1
mrdB   700908 702020 -1
mreB   3543516 3544559 -1
mreC   3542399 3543451 -1
mreD   3541908 3542399 -1
mrp    2248465 2249574 -1
mrr    4784466 4785380 1
mrsA   3462407 3463744 -1
msbA   1070435 1072183 1
msbB   1983992 1984963 -1
mscL   3581289 3581702 1
msgA   1329466 1329705 -1
msrA   4645202 4645840 -1
msyB   1240791 1241165 -1
mtgA   3488887 3489615 -1
mtlA   3875267 3877183 1
mtlD   3877404 3878552 1
mtlR   3878549 3879139 1
mtr    3444787 3446031 -1
mug    3378372 3378878 -1
mukB   1080209 1084675 1
mukE   1079505 1080209 1
mukF   1078202 1079524 1
murA   3474895 3476154 -1
murB   4356672 4357700 1
murC   151143 152618 1
murD   147400 148716 1
murE   143479 144966 1
murF   144963 146321 1
murG   149957 151024 1
murI   4349899 4350750 1
mutH   3163381 3164076 1
mutL   4601693 4603549 1
mutM   3921131 3921940 -1
mutS   3050279 3052846 1
mutT   161546 161941 1
mutY   3268685 3269737 1
mviM   1253776 1254699 1
mviN   1254964 1256538 1
nadA   820233 821276 1
nadB   2780428 2782050 1
nadC   168373 169266 -1
nadD   706846 707487 -1
nadE   1390119 1390946 -1
nadR   4835809 4837041 1
nagA   742917 744071 -1
nagB   744131 744931 -1
nagC   741692 742912 -1
nagD   740893 741645 -1
nagE   745258 747210 1
nagZ   1292607 1293632 1
nanA   3508119 3509012 -1
nanE   3505777 3506466 -1
nanH   1002088 1003326 -1
nanK   3504905 3505780 -1
nanT   3506513 3508003 -1
napA   2356418 2358904 -1
napB   2354295 2354744 -1
napC   2353683 2354285 -1
napD   2358901 2359164 -1
napF   2359154 2359645 -1
napG   2355716 2356411 -1
napH   2354860 2355729 -1
narG   1858413 1862156 -1
narH   1856881 1858416 -1
narI   1855497 1856174 -1
narJ   1856174 1856884 -1
narK   1862544 1863941 -1
narL   1866071 1866721 1
narP   2346702 2347349 1
narQ   2591762 2593462 1
narU   1659208 1660596 1
narV   1666661 1667341 1
narW   1665969 1666664 1
narX   1864282 1866078 1
narY   1664425 1665969 1
narZ   1660688 1664428 1
ndh    1294454 1295758 1
ndk    2660070 2660501 -1
nei    793925 794716 1
nemA   1512926 1514023 -1
nfi    4385219 4385890 1
nfnB   637028 637681 -1
nfo    2302659 2303516 1
nhaA   46190 47356 1
nhaB   1906828 1908372 1
nhaR   47418 48317 1
nhoA   1668376 1669221 -1
nifJ   1742125 1745649 1
nifS   2681537 2682751 -1
nifU   2681123 2681509 -1
nikR   3751343 3751744 1
nirB   3623515 3626058 1
nirC   3626647 3627456 1
nirD   3626055 3626381 1
nlp    3474550 3474837 1
nlpB   2602992 2604026 -1
nlpC   1422020 1422484 1
nlpD   3066549 3067682 -1
nlpI   3448253 3449137 -1
nmpC   1655173 1656261 1
nrdA   2381400 2383685 1
nrdB   2383798 2384928 1
nrdD   4692553 4694691 -1
nrdE   2952482 2954626 1
nrdF   2954637 2955596 1
nrdG   4691968 4692432 -1
nrdH   2951857 2952102 1
nrdI   2952099 2952509 1
nrfA   4516104 4517540 1
nrfB   4517565 4518218 1
nrfC   4518215 4518886 1
nrfD   4518883 4519839 1
nrfE   4519832 4522054 1
nrfG   4522051 4522671 1
nth    1528557 1529192 -1
ntpA   1994556 1995008 -1
nuoA   2439055 2439498 -1
nuoB   2438377 2439039 -1
nuoC   2436488 2438290 -1
nuoE   2435985 2436485 -1
nuoF   2434651 2435988 -1
nuoG   2431894 2434626 -1
nuoH   2430920 2431897 -1
nuoI   2430363 2430905 -1
nuoJ   2429798 2430352 -1
nuoK   2429499 2429801 -1
nuoL   2427661 2429502 -1
nuoM   2425818 2427347 -1
nuoN   2424354 2425631 -1
nupC   2525303 2526505 1
nupG   3271455 3272711 1
nusA   3456313 3457815 -1
nusB   471527 471946 1
nusG   4362402 4362947 1
nxiA   2931213 2932226 -1
oadA   3520046 3521821 -1
oadB   3518732 3520033 -1
oadG   3521837 3522091 -1
oafA   2332130 2333959 1
oat    3384795 3386084 1
ogt    1753663 1754178 1
ompA   1160965 1162017 -1
ompC   2365443 2366579 -1
ompF   1089781 1090872 -1
ompN   1549676 1550809 -1
ompR   3659606 3660325 -1
ompS   2077569 2078765 1
ompW   1827893 1828531 -1
ompX   899534 900049 1
oppA   1839608 1841356 -1
oppB   1838566 1839486 -1
oppC   1837643 1838551 -1
oppD   1836624 1837631 -1
oppF   1835623 1836627 -1
oraA   2974237 2974737 -1
orf242 1475260 1475988 -1
orf245 1464057 1464794 -1
orf319 1474128 1475087 -1
orf32  1463105 1463998 -1
orf408 1464806 1466032 -1
orf48  1461740 1463083 -1
orf70  1473820 1474032 1
orfX   1180248 1180418 1
orgA   3013788 3014468 -1
orn    4594797 4595342 1
osmB   1799923 1800141 1
osmC   1644237 1644668 -1
osmE   1391165 1391506 1
osmY   4815879 4816496 1
otsA   2023300 2024721 -1
otsB   2024696 2025499 -1
oxyR   4343080 4343997 1
pabA   3619759 3620322 -1
pabB   1921169 1922533 1
pabC   1281800 1282609 1
pagC   1332251 1332808 1
pagD   1331176 1331439 -1
pagK   1963179 1963379 1
pagO   1959507 1960421 1
pagP   692155 692727 1
pal    817291 817815 1
panB   212486 213277 -1
panC   211506 212360 -1
panD   211031 211411 -1
panF   3552266 3553717 1
parC   3336947 3339205 -1
parE   3343962 3345854 -1
pbpC   2665447 2667762 -1
pbpG   2265525 2266472 -1
pckA   3656566 3658182 1
pcm    3067858 3068484 -1
pcnB   213874 215292 -1
pdgL   1689954 1690724 -1
pdhR   175316 176080 1
pduA   2116846 2117130 1
pduC   2117958 2119622 1
pduD   2119633 2120307 1
pduE   2120322 2120843 1
pduF   2115527 2116321 -1
pduG   2120853 2122685 1
pduH   2122675 2123025 1
pduJ   2123044 2123319 1
pduK   2123323 2123805 1
pduL   2123805 2124437 1
pduM   2124434 2124925 1
pduN   2124929 2125204 1
pduO   2125214 2126224 1
pduP   2126221 2127615 1
pduQ   2127627 2128739 1
pduS   2128736 2130091 1
pduT   2130094 2130648 1
pduU   2130648 2130998 1
pduV   2131003 2131455 1
pduW   2131440 2132654 1
pduX   2132712 2133614 1
pdxA   103481 104470 -1
pdxB   2482355 2483491 -1
pdxH   1522704 1523360 1
pdxJ   2722442 2723173 -1
pdxK   2547554 2548420 -1
pdxY   1524821 1525681 1
pepA   4720448 4721959 -1
pepB   2676118 2677401 -1
pepD   360973 362430 -1
pepE   4413996 4414685 -1
pepN   1144141 1146753 1
pepP   3219640 3220956 -1
pepQ   4191689 4193020 1
pepT   1313417 1314646 1
perM   2606696 2607763 -1
pfkA   4272330 4273292 1
pfkB   1405090 1406022 -1
pflA   1052688 1053512 -1
pflB   1055096 1057378 -1
pflC   4331077 4331955 1
pflD   4328814 4331111 1
pflE   913785 914684 -1
pflF   911347 913779 -1
pfs    242062 242760 -1
pgi    4440162 4441811 1
pgk    3230692 3231855 -1
pgm    759758 761398 1
pgpA   472980 473495 1
pgpB   1803149 1803913 -1
pgsA   2035813 2036361 -1
pgtA   2507261 2508508 -1
pgtB   2508498 2510504 -1
pgtC   2510501 2511694 -1
pgtE   2506055 2506993 -1
pgtP   2512130 2513521 1
pheA   2808257 2809417 1
pheP   624199 625593 1
pheS   1415678 1416661 1
pheT   1416677 1419064 1
phnA   4530167 4530502 -1
phnB   4529604 4530047 -1
phnO   4529018 4529482 -1
phnR   483349 484068 -1
phnS   482138 483151 -1
phnT   481023 482132 -1
phnU   480160 481020 -1
phnV   479360 480157 -1
phnW   484208 485311 1
phnX   485318 486130 1
phoB   450795 451484 1
phoE   364980 366032 -1
phoH   1214315 1215169 1
phoL   733236 734321 -1
phoN   4563589 4564341 -1
phoP   1318689 1319363 -1
phoQ   1317226 1318689 -1
phoR   451554 452849 1
phoU   4060000 4060725 -1
phrB   774778 776199 1
phsA   2138675 2140951 -1
phsB   2138082 2138660 -1
phsC   2137321 2138085 -1
pipA   1175548 1176228 -1
pipB   1176450 1177325 -1
pipC   1177873 1178214 -1
pipD   1180638 1182107 -1
pitA   3758496 3759992 1
pldA   4161623 4162492 1
pldB   4165860 4166876 1
plsB   4456181 4458601 -1
plsC   3335953 3336690 -1
plsX   1276153 1277232 1
pmbA   4681827 4683179 1
pmgI   3897564 3899108 1
pmrD   2411318 2411575 -1
pmrF   2405113 2406096 1
pncA   1371115 1371771 -1
pncB   1096831 1098033 -1
pnp    3449247 3451382 -1
pntA   1555695 1557224 1
pntB   1557235 1558623 1
pnuC   821301 822020 1
pocR   2114399 2115310 -1
polA   4206131 4208917 1
polB   113082 115433 -1
potA   1312030 1313166 -1
potB   1311183 1312046 -1
potC   1308749 1309528 -1
potD   1307678 1308724 -1
potE   762063 763382 -1
potF   948385 949497 1
potG   949585 950718 1
potH   950728 951681 1
potI   951678 952523 1
poxB   1010107 1011825 -1
ppa    4654741 4655271 -1
ppc    4335253 4337904 -1
ppdA   3157362 3157832 -1
ppdB   3156808 3157371 -1
ppdC   3156099 3156419 -1
ppdD   167714 168151 -1
pphB   3048771 3049427 1
ppiA   3621222 3621794 -1
ppiB   598468 598962 -1
ppiC   4118944 4119225 -1
ppk    2614937 2617003 1
pps    1427770 1430148 1
ppx    2617008 2618549 1
pqaA   1619783 1621339 -1
pqaB   2408968 2410614 1
pqiA   1153927 1155180 1
pqiB   1155185 1156825 1
prc    1941134 1943182 -1
prfA   1873331 1874413 -1
prfB   3200746 3201627 -1
prfC   4813888 4815477 1
prfH   360203 360817 1
prgH   3016342 3017520 -1
prgI   3016075 3016317 -1
prgJ   3015751 3016056 -1
prgK   3014996 3015754 -1
priA   4303361 4305559 -1
priB   4630916 4631230 1
priC   539116 539631 -1
prkB   3613968 3614837 1
prlC   3763940 3765982 -1
prmA   3553729 3554610 1
proA   367430 368680 1
proB   366315 367418 1
proC   439256 440065 -1
proP   4530970 4532472 1
proQ   1943202 1943888 -1
proS   282467 284185 -1
proV   2955951 2957153 1
proW   2957146 2958210 1
proX   2958280 2959275 1
proY   454652 456022 1
prpA   1950689 1951339 -1
prpB   417977 418864 1
prpC   418987 420156 1
prpD   420196 421647 1
prpE   421688 423574 1
prpR   416087 417712 -1
prsA   1877761 1878708 1
psd    4592578 4593546 -1
psiF   437717 438037 1
pspA   1781747 1782415 -1
pspB   1781463 1781687 -1
pspC   1781104 1781463 -1
pspD   1780863 1781081 -1
pspE   1780473 1780787 -1
pspF   1782586 1783566 1
pssA   2792655 2794010 1
pstA   4061600 4062490 -1
pstB   4060740 4061513 -1
pstC   4062490 4063449 -1
pstS   4063585 4064625 -1
pta    2449218 2451362 1
pth    1881093 1881701 1
ptpS   3092934 3093296 1
ptr    3149646 3152534 -1
ptrB   1971805 1973856 -1
ptsA   4324491 4326992 -1
ptsG   1286369 1287802 1
ptsH   2544586 2544843 1
ptsI   2544892 2546619 1
ptsJ   2548503 2549795 1
ptsN   3486271 3486762 1
ptsO   3487659 3487931 1
ptsP   3159909 3162155 -1
ptxA   4626961 4627425 1
pudB   2117238 2117939 1
purA   4609096 4610394 1
purB   1319487 1320857 -1
purC   2602104 2602817 -1
purD   4391161 4392450 -1
purE   597116 597625 -1
purF   2474336 2475853 -1
purG   2708254 2712141 -1
purH   4392462 4394051 -1
purK   596052 597119 -1
purM   2613073 2614110 1
purN   2614110 2614748 1
purR   1507920 1508945 -1
purT   1975664 1976842 1
purU   1851568 1852410 1
putA   1208415 1211558 -1
putP   1211980 1213488 1
pykA   1982477 1983919 1
pykF   1459926 1461338 -1
pyrB   4703970 4704905 -1
pyrC   1248515 1249561 -1
pyrD   1146961 1147971 1
pyrE   3925959 3926600 -1
pyrF   1800587 1801324 -1
pyrG   3098745 3100382 -1
pyrH   256276 257001 1
pyrI   4703496 4703957 -1
pyrL   4704941 4705042 -1
qor    4465543 4466526 -1
queA   459560 460624 1
radA   4834276 4835658 1
radC   3922680 3923345 -1
rarD   4160063 4160947 -1
ratA   2641875 2647472 -1
ratB   2634402 2641709 -1
rbfA   3452988 3453389 -1
rbn    4237342 4238214 1
rbsA   4092086 4093591 1
rbsB   4094587 4095477 1
rbsC   4093597 4094562 1
rbsD   4091659 4092078 1
rbsK   4095611 4096540 1
rbsR   4096544 4097542 1
rcsA   2067427 2068050 1
rcsB   2369994 2370644 1
rcsC   2370747 2373593 -1
rcsF   285000 285404 -1
rdgC   442929 443840 -1
recA   2974854 2975915 -1
recB   3146108 3149653 -1
recC   3152712 3156083 -1
recD   3144276 3146111 -1
recF   4041298 4042371 -1
recG   3936881 3938962 1
recJ   3201949 3203682 -1
recN   2823264 2824925 1
recO   2723185 2723913 -1
recQ   4162558 4164405 1
recR   543210 543815 1
relA   3102880 3105114 -1
rep    4119763 4121787 1
res    405299 408271 1
rfaB   3914534 3915613 -1
rfaC   3907297 3908250 1
rfaD   3905316 3906248 1
rfaE   3362559 3363992 -1
rfaF   3906251 3907297 1
rfaG   3916738 3917862 -1
rfaH   4182924 4183412 -1
rfaI   3913515 3914528 -1
rfaJ   3912487 3913497 -1
rfaK   3909561 3910706 -1
rfaL   3908290 3909504 1
rfaP   3915948 3916745 -1
rfaQ   3917859 3918893 -1
rfaY   3911766 3912464 -1
rfaZ   3910807 3911616 -1
rfbA   2175670 2176548 -1
rfbB   2177495 2178580 -1
rfbC   2175118 2175669 -1
rfbD   2176596 2177495 -1
rfbF   2173350 2174123 -1
rfbG   2172266 2173345 -1
rfbH   2170926 2172239 -1
rfbI   617360 617722 -1
rfbI   2174120 2175112 -1
rfbJ   2169999 2170898 -1
rfbK   2162433 2163866 -1
rfbM   2163853 2165292 -1
rfbN   2165293 2166237 -1
rfbP   2160931 2162361 -1
rfbU   2166238 2167299 -1
rfbV   2167619 2168620 -1
rfbX   2168625 2169917 -1
rfc    1410087 1411310 -1
rfe    4127073 4128176 1
rffG   4131679 4132746 1
rffH   4132779 4133003 1
rhaA   4256052 4257311 -1
rhaB   4257308 4258777 -1
rhaD   4255082 4255909 -1
rhaR   4260054 4260902 1
rhaS   4259065 4259901 1
rhaT   4260899 4261933 -1
rhlB   4123427 4124692 -1
rhlE   885586 886950 1
rho    4125584 4126843 1
rhtC   4164469 4165089 1
rhuM   3951733 3952770 1
ribA   1804109 1804699 1
ribB   3357851 3358504 -1
ribD   469844 470947 1
ribE   1503552 1504193 1
ribF   52872 53810 1
ribH   471036 471506 1
rihC   60164 61084 1
rimI   4812651 4813097 1
rimJ   1252507 1253091 1
rimK   946561 947463 1
rimL   1701042 1701581 -1
rimM   2816073 2816621 -1
rlpA   699752 700897 -1
rlpB   708520 709110 -1
rluA   109331 109990 -1
rluC   1272131 1273090 1
rluD   2805547 2806527 -1
rmbA   3954069 3954686 1
rmf    1157641 1157808 1
rna    679989 680795 -1
rnb    1794346 1796280 1
rnc    2724827 2725507 -1
rnd    1914022 1915149 -1
rne    1268354 1271557 -1
rnhA   302871 303338 -1
rnhB   268928 269524 1
rnk    679344 679754 -1
rnpA   4045842 4046201 1
rnt    1511702 1512349 -1
rob    4842666 4843535 -1
rof    280047 280307 -1
rpe    3637995 3638672 -1
rph    3926679 3927395 -1
rpiA   3224777 3225436 -1
rplA   4363537 4364241 1
rplB   3593803 3594624 -1
rplC   3595557 3596186 -1
rplD   3594941 3595546 -1
rplE   3590160 3590699 -1
rplF   3588868 3589401 -1
rplI   4631504 4631953 1
rplJ   4364661 4365158 1
rplK   4363105 4363533 1
rplL   4365225 4365590 1
rplM   3512814 3513242 -1
rplN   3591039 3591410 -1
rplO   3587366 3587800 -1
rplP   3592019 3592429 -1
rplQ   3582877 3583260 -1
rplR   3588505 3588858 -1
rplS   2814873 2815220 -1
rplT   1415020 1415376 1
rplU   3472778 3473089 -1
rplV   3593161 3593493 -1
rplW   3594642 3594944 -1
rplX   3590714 3591028 -1
rplY   2326433 2326717 1
rpmA   3472501 3472758 -1
rpmB   3922226 3922462 -1
rpmC   3591828 3592019 -1
rpmD   3587804 3587983 -1
rpmE   4305763 4305975 1
rpmE2  526352 526612 1
rpmF   1275846 1276019 1
rpmG   3922038 3922205 -1
rpmH   4045685 4045825 1
rpmI   1414772 1414969 1
rpmJ   3585879 3585995 -1
rpmJ2  526618 526758 1
rpoA   3583301 3584290 -1
rpoB   4365908 4369936 1
rpoC   4370013 4374236 1
rpoD   3376266 3378248 1
rpoE   2779428 2780003 -1
rpoH   3735927 3736781 -1
rpoN   3484410 3485843 1
rpoS   3065494 3066486 -1
rpoZ   3933776 3934051 1
rpsA   1065791 1067464 1
rpsB   254297 255022 1
rpsC   3592442 3593143 -1
rpsD   3584316 3584936 -1
rpsE   3587987 3588490 -1
rpsF   4630514 4630909 1
rpsG   3601769 3602239 -1
rpsH   3589414 3589806 -1
rpsI   3512406 3512798 -1
rpsJ   3596219 3596530 -1
rpsK   3584970 3585359 -1
rpsL   3602335 3602709 -1
rpsM   3585376 3585732 -1
rpsN   3589840 3590145 -1
rpsO   3451624 3451893 -1
rpsP   2816640 2816888 -1
rpsQ   3591574 3591828 -1
rpsR   4631235 4631462 1
rpsS   3593508 3593786 -1
rpsT   52280 52543 -1
rpsU   3374055 3374270 1
rpsV   1645491 1645634 1
rrmA   1932707 1933516 -1
rsd    4382750 4383238 -1
rseA   2778746 2779396 -1
rseB   2777790 2778746 -1
rseC   2777314 2777793 -1
rsmC   4811138 4812166 -1
rspA   1582248 1583462 1
rspB   1583473 1584492 1
rstA   1551289 1552020 -1
rstB   1546405 1547706 -1
rsuA   2323701 2324396 -1
rtcA   3680340 3681359 -1
rtcB   3681363 3682580 -1
rtcR   3684868 3686451 1
rthB   4165129 4165749 -1
rtn    2314556 2316112 1
ruvA   1990073 1990684 -1
ruvB   1989054 1990064 -1
ruvC   1993228 1993749 -1
safA   342209 342721 1
safB   342829 343542 1
safC   343566 346076 1
safD   346098 346568 1
sanA   2280227 2280946 1
sapA   1783678 1785327 1
sapB   1785324 1786289 1
sapC   1786276 1787166 1
sapD   1787166 1788158 1
sapF   1788160 1788966 1
sbcB   2144261 2145691 1
sbcC   446241 449381 -1
sbcD   449378 450580 -1
sbmA   430359 431579 1
sbmC   2135405 2135872 -1
sbp    4273496 4274485 1
scsA   1200154 1200516 1
scsB   1200565 1202451 1
scsC   1202448 1203071 1
scsD   1203061 1203567 1
sdaA   1923379 1924743 1
sdaB   3122119 3123486 1
sdaC   3120771 3122060 1
sdhA   798722 800488 1
sdhB   800502 801221 1
sdhC   797992 798381 1
sdhD   798375 798722 1
sdiA   2039658 2040380 -1
secA   158689 161394 1
secB   3896036 3896503 -1
secD   462331 464178 1
secE   4362017 4362400 1
secF   464189 465160 1
secG   3461852 3462184 -1
secY   3586027 3587358 -1
selA   3872693 3874084 -1
selB   3870846 3872696 -1
selD   1375609 1376652 1
seqA   759191 759733 1
serA   3223279 3224511 -1
serB   4833224 4834192 1
serC   1061475 1062563 1
serS   1043792 1045084 1
setB   2307723 2308904 1
sfbA   571112 571942 1
sfbB   571979 572995 1
sfbC   572988 573647 1
sfcA   1645811 1647508 1
sfsA   217030 217734 -1
sgaB   4626646 4626951 1
sgaE   4628953 4629639 1
sgaH   4627439 4628089 1
sgaT   4625200 4626630 1
sgaU   4628099 4628953 1
sgbE   3863965 3864660 1
sgbH   3862456 3863118 1
sgbU   3863111 3863971 1
shdA   2627589 2633708 -1
sicA   3030898 3031395 -1
sicP   3023689 3024081 -1
sifA   1309844 1310854 -1
sifB   1692181 1693131 1
sinH   2648609 2650801 -1
sinI   2647592 2648551 -1
sinR   348610 349557 1
sipA   3024679 3026736 -1
sipB   3029114 3030895 -1
sipC   3027857 3029086 -1
sipD   3026755 3027786 -1
sirC   1872112 1872501 -1
sitA   3006368 3007285 1
sitB   3007282 3008103 1
sitC   3008100 3008960 1
sitD   3008951 3009799 1
sixA   2497411 2497896 -1
slp    1917112 1917693 -1
slpA   57344 57793 1
slrB   2979851 2980213 1
slrP   866944 869241 1
slsA   3959839 3960519 1
slt    4838999 4840972 1
slyA   1519880 1520320 1
slyB   1520368 1520835 -1
slyD   3606315 3606905 -1
slyX   3605909 3606127 1
smf    3575680 3576804 -1
smg    3575235 3575708 -1
smp    4832463 4833107 -1
smpA   2825074 2825412 1
smpB   2826484 2826966 1
smtA   1077406 1078209 1
smvA   1656810 1658297 -1
sodA   4266539 4267159 1
sodB   1509413 1509994 -1
sodC   1130053 1130586 -1
sodC   1516050 1516571 1
sohB   1813085 1814131 -1
solA   1246421 1247539 -1
sopA   2141570 2143918 1
sopB   1178231 1179916 -1
sopD   3087148 3088101 1
sopE2  1952012 1952734 -1
soxR   4504380 4504838 1
soxS   4503970 4504293 -1
spaO   3034335 3035246 -1
spaP   3033671 3034345 -1
spaQ   3033385 3033645 -1
spaR   3032590 3033381 -1
spaS   3031533 3032603 -1
speA   3248927 3250903 -1
speB   3239519 3240439 -1
speC   3272773 3274908 -1
speD   194201 194995 -1
speE   195016 195876 -1
speF   763379 765577 -1
speG   1580710 1581270 -1
spf    4209084 4209131 1
spoT   3934070 3936181 1
spoU   3936186 3936875 1
sppA   1372910 1374766 -1
spr    2313658 2314230 1
sprB   3010967 3011722 -1
sprT   3254812 3255309 1
sptP   3022071 3023702 -1
spy    1388557 1389042 1
srfA   1679771 1681090 1
srfB   1681095 1684076 1
srfC   1684073 1686217 1
srfJ   4669016 4670359 1
srlA   2978308 2978871 1
srlD   2980225 2981004 1
srlE   2978868 2979839 1
srlR   2981637 2982410 1
srmB   2782903 2784237 1
ssaB   1479999 1480400 1
ssaC   1480402 1481895 1
ssaD   1481876 1483087 1
ssaE   1483095 1483337 1
ssaG   1489537 1489752 1
ssaH   1489793 1490020 1
ssaI   1490032 1490280 1
ssaJ   1490277 1491026 1
ssaK   1491589 1492263 1
ssaL   1492229 1493245 1
ssaM   1493303 1493671 1
ssaN   1495691 1496992 1
ssaO   1496995 1497372 1
ssaP   1497353 1497727 1
ssaQ   1497708 1498676 1
ssaR   1498744 1499391 1
ssaS   1499388 1499654 1
ssaT   1499655 1500434 1
ssaU   1500431 1501489 1
ssaV   1493656 1495701 1
ssb    4476286 4476816 1
sscA   1484521 1484994 1
sscB   1487525 1487959 1
sseA   1483601 1483927 1
sseA   2672906 2673748 1
sseB   1483934 1484524 1
sseB   2675232 2676017 -1
sseC   1484997 1486451 1
sseD   1486467 1487054 1
sseE   1487057 1487473 1
sseF   1487975 1488757 1
sseG   1488754 1489443 1
sseI   1139971 1140939 1
sseJ   1721293 1722519 1
sspA   3510553 3511191 -1
sspB   3510047 3510547 -1
sspH2  2340885 2343251 -1
ssrA   1476836 1479598 -1
ssrB   1476167 1476805 -1
stbA   384403 384939 -1
stbB   383580 384341 -1
stbC   381035 383596 -1
stbD   379705 381030 -1
stbE   378981 379739 -1
stcA   2247097 2247627 -1
stcB   2246358 2247041 -1
stcC   2243855 2246344 -1
stcD   2242832 2243839 -1
stdA   3191120 3191830 -1
stdB   3188511 3191000 -1
stdC   3187727 3188470 -1
stfA   230657 231217 1
stfC   231303 233960 1
stfD   233978 234730 1
stfE   234749 235261 1
stfF   235258 235734 1
stfG   235734 236264 1
sthA   4852095 4852778 -1
sthB   4849512 4852049 -1
sthD   4848937 4849494 -1
sthE   4847811 4848896 -1
stiA   208383 208922 -1
stiB   207652 208335 -1
stiC   205079 207625 -1
stiH   203991 205070 -1
stjB   4826467 4828875 -1
stjC   4828889 4829596 -1
stpA   2947225 2947626 -1
sucA   801745 804546 1
sucB   804561 805769 1
sucC   805911 807077 1
sucD   807077 807946 1
sufA   1452315 1452683 1
sufB   1452692 1454179 1
sufC   1454196 1454942 1
sufD   1454917 1456188 1
sufI   3334467 3335879 -1
sufS   1456185 1457405 1
sugE   4581500 4581817 1
sugR   3950009 3951199 1
suhB   2684435 2685238 1
sulA   1162374 1162883 -1
sun    3578460 3579749 1
surA   104470 105756 -1
surE   3068478 3069239 -1
syd    3117267 3117812 -1
tag    3829352 3829933 1
talA   2582530 2583480 1
talB   7665 8618 1
talC   4323818 4324480 -1
tas    3165550 3166590 1
tatA   4180504 4180758 1
tatB   4180762 4181310 1
tatC   4181313 4182092 1
tbpA   125687 126670 -1
tcp    3744842 3746485 1
tctD   2933761 2934435 -1
tctE   2932359 2933774 -1
tdcA   3412473 3413411 -1
tdcB   3411386 3412375 -1
tdcC   3410034 3411365 -1
tdcD   3408760 3409968 -1
tdcE   3406432 3408726 -1
tdcG   3404998 3406362 -1
tdh    3902882 3903907 -1
tdk    1846003 1846620 -1
tehA   1698945 1699958 -1
tehB   1698362 1698958 -1
tesA   565854 566468 -1
tesB   522280 523140 -1
tgt    460821 461948 1
thiC   4380491 4382386 -1
thiD   2240261 2241061 -1
thiE   4379856 4380491 -1
thiF   4379105 4379863 -1
thiG   4378152 4378922 -1
thiH   4377022 4378155 -1
thiI   477868 479316 1
thiJ   486227 486817 -1
thiL   472025 473002 1
thiM   2241048 2241845 -1
thrA   337 2799 1
thrB   2801 3730 1
thrC   3734 5020 1
thrL   190 255 1
thrS   1412202 1414130 1
thyA   3158017 3158811 -1
tig    501665 502963 1
tktA   3236393 3238384 -1
tktB   2583500 2585500 1
tldD   3534350 3535795 -1
tmk    1283624 1284265 1
tnpA_1 1025166 1025624 1
tnpA_2 2045735 2046193 -1
tnpA_3 2579331 2579789 -1
tnpA_4 3194318 3194776 -1
tnpA_5 3635160 3635618 -1
tnpA_6 4559416 4559874 1
tolA   814617 815840 1
tolB   815964 817256 1
tolC   3348567 3350042 1
tolQ   813428 814120 1
tolR   814124 814552 1
tonB   1831260 1831988 -1
topA   1809792 1812389 -1
topB   1376657 1378606 1
torA   4020811 4023363 -1
torC   4023353 4024537 -1
torD   4020186 4020818 -1
torR   4024667 4025359 1
torS   4026452 4029187 1
torT   4025332 4026372 -1
tpiA   4290265 4291032 -1
tpx    1775584 1776090 1
treA   1895070 1896782 1
treC   4695100 4696752 -1
treF   3775574 3777223 1
treR   4698357 4699304 -1
trg    1715879 1717504 -1
trkA   3579771 3581147 1
trkH   4193673 4195124 1
trmA   4346636 4347736 -1
trmD   2815261 2816028 -1
trmE   4048213 4049577 1
trmU   1321589 1322740 -1
trpA   1824272 1825078 1
trpB   1823079 1824272 1
trpC   1821711 1823069 1
trpD   1820112 1821707 1
trpE   1818550 1820112 1
trpH   1817408 1818289 -1
trpL   1818411 1818455 1
trpR   4841030 4841356 1
trpS   3636247 3637251 -1
trpS2  4761826 4762839 -1
truA   2480462 2481274 -1
truB   3452044 3452988 -1
trxA   4124836 4125165 1
trxB   1035228 1036196 -1
trxC   2788654 2789073 1
tsf    255280 256131 1
tsr    4790082 4791743 1
tsx    467537 468400 -1
ttk    3925285 3925881 1
ttrA   1466355 1469417 -1
ttrB   1470433 1471185 -1
ttrC   1469410 1470432 -1
ttrR   1473102 1473722 1
ttrS   1471349 1473127 1
tufA   3598302 3599486 -1
tufB   4360603 4361787 1
tus    1545400 1546329 -1
typA   4217384 4219207 1
tyrA   2810344 2811465 -1
tyrB   4469303 4470496 1
tyrP   2030400 2031611 1
tyrR   1776180 1777721 -1
tyrS   1523487 1524761 1
ubiA   4455210 4456082 1
ubiB   4185162 4185863 1
ubiC   4454699 4455196 1
ubiE   4177291 4178046 1
ubiF   736055 737230 1
ubiG   2380316 2381044 1
ubiH   3218465 3219643 -1
ubiX   2466582 2467151 -1
ucpA   2556599 2557390 -1
udg    2157958 2159124 -1
udhA   4343980 4345380 -1
udk    2207558 2208199 -1
udp    4174864 4175625 1
ugpA   3725410 3726297 -1
ugpB   3726361 3727677 -1
ugpC   3723496 3724566 -1
ugpE   3724568 3725413 -1
ugpQ   3722759 3723499 -1
ugtL   1691246 1691644 -1
uhpA   3990554 3991144 -1
uhpB   3989052 3990554 -1
uhpC   3987714 3989042 -1
uhpT   3986180 3987571 -1
umuC   2079892 2081160 -1
umuD   2081163 2081582 -1
ung    2786608 2787297 1
upp    2612033 2612659 -1
uppS   259355 260113 1
uraA   2610656 2611945 -1
usg    2481274 2482287 -1
ushA   553634 555286 1
ushB   4274586 4275341 1
uspA   3760855 3761289 1
uspB   3760132 3760467 -1
uup    1152005 1153912 1
uvrA   4473213 4476038 -1
uvrB   864433 866454 1
uvrC   2036418 2038250 -1
uvrD   4155541 4157703 1
uvrY   2038247 2038903 -1
uxuR   4761052 4761825 1
vacB   4611064 4613502 1
vacJ   2503763 2504518 -1
valS   4717013 4719868 -1
virK   2928373 2929302 1
visC   3217137 3218339 -1
vsr    2073878 2074348 -1
wcaA   2197971 2198813 -1
wcaB   2197480 2197968 -1
wcaC   2196266 2197483 -1
wcaD   2195077 2196291 -1
wcaE   2194318 2195064 -1
wcaF   2193748 2194302 -1
wcaG   2191635 2192600 -1
wcaH   2191160 2191663 -1
wcaI   2189940 2191163 -1
wcaJ   2185572 2186966 -1
wcaK   2182659 2183939 -1
wcaL   2181442 2182662 -1
wcaM   2180028 2181431 -1
wecB   4129290 4130420 1
wecC   4130417 4131679 1
wecD   4133110 4133658 1
wecE   4133663 4134793 1
wecF   4137118 4138476 1
wecG   4138473 4139213 1
wraB   1205223 1205819 -1
wza    2201511 2202650 -1
wzb    2201056 2201505 -1
wzc    2198900 2201059 -1
wzxC   2183961 2185439 -1
wzxE   4134795 4136045 1
wzzB   2156832 2157815 -1
wzzE   4128188 4129234 1
xapA   2534858 2535691 -1
xapB   2533547 2534803 -1
xapR   2532394 2533278 -1
xerC   4153787 4154689 1
xerD   3204425 3205321 -1
xseA   2626079 2627428 1
xseB   477416 477658 -1
xthA   1380942 1381748 -1
xylA   3846467 3847789 -1
xylB   3844913 3846367 -1
xylR   3848152 3849330 1
yaaA   5114 5887 -1
yaaH   9376 9942 -1
yaaI   10841 11245 -1
yaaJ   5966 7396 -1
yaaU   92178 93518 1
yaaY   52649 52864 1
yabB   139947 140405 1
yabC   140407 141348 1
yabF   98255 98785 1
yabI   122604 123371 1
yabJ   123410 124117 -1
yabK   124101 125711 -1
yabN   126848 128506 -1
yacA   158199 158627 1
yacC   195983 196330 -1
yacE   163207 163827 -1
yacF   162464 163207 -1
yacG   162263 162454 -1
yacH   183846 185468 -1
yacL   189603 189965 1
yadB   215433 216374 -1
yadE   209795 211024 1
yadF   201410 202072 -1
yadG   202181 203107 1
yadH   203104 203874 1
yadI   209293 209733 1
yadQ   238661 240082 1
yadR   240119 240508 1
yadS   240609 241232 -1
yaeB   284296 285003 -1
yaeC   285523 286338 -1
yaeD   288244 288810 1
yaeE   286377 287030 -1
yaeH   247318 247704 -1
yaeJ   281234 281656 1
yaeL   260995 262347 1
yaeP   280294 280512 -1
yaeQ   280692 281237 1
yaeR   278219 278608 1
yaeT   262379 264793 1
yafA   363226 364470 1
yafB   295069 295872 1
yafC   295893 296807 -1
yafD   298240 299019 1
yafE   299097 299867 1
yafH   352597 355041 -1
yafJ   356072 356839 1
yafK   356810 357550 -1
yafS   302152 302874 1
yafV   351721 352488 -1
yahN   414812 415444 -1
yahO   415676 415951 1
yaiA   441417 441608 1
yaiB   437099 437365 1
yaiC   438129 439241 1
yaiE   442607 442891 1
yaiI   440205 440660 1
yaiU   425165 428101 1
yaiV   428187 428810 1
yaiW   431594 432688 1
yaiY   432726 433034 -1
yaiZ   433302 433517 1
yajB   458885 459466 -1
yajC   461971 462303 1
yajD   466561 466908 1
yajF   443966 444874 1
yajG   500119 500751 -1
yajI   468700 469239 -1
yajO   473599 474573 -1
yajQ   487799 488308 1
yajR   488355 489704 -1
yaoF   1353820 1354071 1
ybaB   542881 543210 1
ybaD   469391 469840 1
ybaE   512430 514130 -1
ybaJ   528377 528751 -1
ybaK   555403 555882 -1
ybaL   550350 552026 -1
ybaM   538935 539102 -1
ybaN   539712 540089 1
ybaO   516267 516725 1
ybaP   556084 556878 -1
ybaV   510688 511062 1
ybaW   511166 511564 1
ybaX   511670 512365 -1
ybaY   523355 523924 1
ybaZ   523957 524346 -1
ybbA   566439 567125 1
ybbB   573686 574780 -1
ybbJ   560973 561425 -1
ybbK   561422 562339 -1
ybbL   562486 563163 1
ybbM   563150 563929 1
ybbN   564015 564869 -1
ybbO   564929 565699 -1
ybbP   567122 569536 1
ybbS   574850 575776 -1
ybbV   582405 582659 1
ybbY   585378 586676 1
ybcI   601815 602360 -1
ybcJ   602488 602700 -1
ybdA   653683 654927 1
ybdB   660679 661092 1
ybdD   663443 663640 1
ybdF   637778 638146 -1
ybdG   625635 626882 -1
ybdH   663676 664764 -1
ybdJ   639363 639611 -1
ybdK   639678 640796 -1
ybdL   664891 666051 1
ybdM   666052 666669 -1
ybdN   666642 667877 -1
ybdO   668043 668945 -1
ybdQ   677372 677800 -1
ybdR   678023 679261 1
ybdZ   645247 645465 1
ybeA   703955 704422 -1
ybeB   704426 704743 -1
ybeC   694573 694776 1
ybeD   698029 698292 -1
ybeF   696033 696986 -1
ybeJ   346974 347795 1
ybeK   725558 726493 -1
ybeL   716566 717039 1
ybeM   693656 694444 1
ybeQ   717078 718073 -1
ybeR   718198 718905 1
ybeS   718902 720335 1
ybeU   720347 721042 1
ybeV   721039 722511 1
ybeX   731730 732608 -1
ybeY   732766 733239 -1
ybfA   774461 774667 1
ybfE   757809 758102 -1
ybfF   758236 759006 -1
ybfM   749534 750940 1
ybfN   750990 751322 1
ybgC   813027 813431 1
ybgE   812517 812798 1
ybgF   817825 818613 1
ybgH   776238 777719 -1
ybgI   778048 778791 1
ybgJ   778807 779463 1
ybgK   779457 780389 1
ybgL   780379 781113 1
ybgR   822017 822955 -1
ybgS   823066 823452 -1
ybgT   812267 812380 1
ybhA   848199 849017 -1
ybhB   858260 858736 -1
ybhC   850320 851603 -1
ybhE   849181 850176 1
ybhF   881958 883694 -1
ybhK   869333 870241 -1
ybhL   873389 874093 1
ybhM   874240 874947 1
ybhN   876150 877112 -1
ybhO   877112 878353 -1
ybhP   878350 879108 -1
ybhQ   879241 879651 1
ybhR   879613 880719 -1
ybhS   880835 881965 -1
ybiB   889332 890306 1
ybiF   898293 899180 -1
ybiH   884682 885356 -1
ybiI   891007 891273 -1
ybiJ   890462 890722 -1
ybiK   917149 918090 1
ybiN   891478 892404 1
ybiO   892401 894623 -1
ybiP   900112 901692 -1
ybiR   902741 903853 1
ybiS   903897 904817 -1
ybiT   905036 906628 1
ybiU   908933 910198 -1
ybiV(1) 910460 911269 1
ybiV(2) 908009 908728 -1
ybjC   945507 945797 1
ybjD   1015860 1017518 1
ybjE   1014759 1015658 -1
ybjF   953113 954243 1
ybjG   937574 938182 -1
ybjM   944665 945042 1
ybjN   947560 948036 1
ybjO   952597 953070 1
ybjP   962001 962516 -1
ybjR   1005687 1006517 1
ybjT   1007623 1009056 -1
ybjX   1017515 1018483 -1
ybjY   1018611 1019729 1
ybjZ   1019726 1021672 1
ycaD   1049608 1050756 1
ycaI   1068134 1070398 1
ycaJ   1042190 1043533 1
ycaL   1064060 1064821 1
ycaM   1050974 1052395 1
ycaO   1058700 1060460 -1
ycaP   1060597 1061289 1
ycaQ   1073201 1074433 1
ycaR   1074485 1074667 1
ycbB   1085020 1086861 1
ycbC   1076494 1077270 -1
ycbG   1160441 1160893 1
ycbK   1087121 1087669 1
ycbL   1087697 1088344 1
ycbW   1148137 1148679 1
ycbY   1149884 1151992 1
yccA   1174268 1174927 -1
yccD   1198694 1198999 -1
yccF   1165864 1166310 -1
yccJ   1204975 1205202 -1
yccK   1173852 1174181 -1
yccR   1163100 1163705 1
yccS   1163692 1165845 -1
yccT   1169077 1169739 -1
yccV   1170371 1170688 -1
yccW   1170746 1171957 -1
yccX   1173574 1173855 1
ycdC   1206508 1207146 1
ycdW   1225066 1226004 1
ycdX   1226088 1226825 1
ycdY   1226849 1227403 1
ycdZ   1227456 1227986 1
yceA   1243756 1244808 1
yceB   1249666 1250226 -1
yceD   1275273 1275794 1
yceE   1241247 1242461 -1
yceF   1274491 1275075 -1
yceG   1282612 1283634 1
yceH   1253127 1253774 1
yceI   1244860 1245435 -1
yceK   1240563 1240790 1
yceL   1251062 1252270 -1
yceO   1246267 1246380 -1
yceP   1247652 1247906 -1
ycfC   1320861 1321508 -1
ycfD   1316024 1317145 -1
ycfF   1290403 1290762 1
ycfH   1285277 1286074 1
ycfJ   1295937 1296476 1
ycfL   1290765 1291139 1
ycfM   1291153 1291791 1
ycfN   1291772 1292596 1
ycfP   1293657 1294199 1
ycfQ   1296551 1297186 -1
ycfR   1297428 1297685 1
ycfS   1297782 1298747 -1
ycfU   1302568 1303878 1
ycfV   1303871 1304572 1
ycfW   1304572 1305816 1
ycfX   1305845 1306756 1
ycgB   1904310 1905842 1
ycgL   1911668 1912000 -1
ycgM   1910959 1911618 -1
ycgN   1910420 1910881 -1
ycgO   1899809 1901542 1
ycgQ   1898798 1899712 1
ycgR   1897268 1898002 1
ychA   1871299 1872108 -1
ychE   1842004 1842651 -1
ychF   1881818 1882909 1
ychH   1880563 1880841 -1
ychJ   1851059 1851517 1
ychK   1850043 1850948 -1
ychM   1878857 1880518 1
ychN   1868323 1868676 1
ychP   1866722 1868146 -1
yciA   1830799 1831200 1
yciB   1830099 1830638 1
yciC   1829299 1830042 1
yciE   1826407 1826913 1
yciF   1825830 1826333 1
yciG   1825558 1825740 1
yciH   1800261 1800587 -1
yciI   1832212 1832508 1
yciK   1814369 1815130 1
yciL   1815804 1816679 -1
yciM   1801515 1802684 -1
yciN   1812792 1813043 1
yciO   1816780 1817400 -1
yciR   1796542 1798524 1
yciS   1802691 1802999 -1
yciT   1798912 1799664 1
yciU   1834362 1834691 1
yciW   1793124 1794104 1
ycjE   1791719 1792018 1
ycjF   1777869 1778930 -1
ycjG   1774503 1775468 -1
ycjI   1773800 1774528 1
ycjX   1778927 1780330 -1
ydaA   1755277 1756224 1
ydaL   1752842 1753405 -1
ydaO   1747309 1748244 1
ydbH   1737153 1739789 -1
ydbL   1736631 1736954 -1
ydcF   1730470 1731270 -1
ydcG   1709827 1711482 -1
ydcI   1714895 1715818 1
ydcK   1700065 1701045 1
ydcN   1695679 1696215 -1
ydcP   1693636 1695600 -1
ydcR   1688394 1689818 -1
ydcW   1686834 1688279 -1
ydcX   1686262 1686525 -1
ydcY   1679314 1679547 -1
ydcZ   1678860 1679309 1
yddE   1667447 1668340 1
yddG   1653824 1654648 1
yddX   1645181 1645396 1
ydeA   1598902 1600092 -1
ydeD   1595829 1596731 1
ydeE   1594414 1595601 -1
ydeI   1593330 1593722 1
ydeJ   1592376 1592903 -1
ydeV   4280606 4282198 -1
ydeW   4282286 4283245 -1
ydeY   4285030 4286073 1
ydeZ   4286070 4287071 1
ydfG   1588802 1589548 -1
ydfH   1587986 1588672 -1
ydfI   1586069 1587535 1
ydfJ   1584546 1585523 1
ydfZ   1587602 1587805 -1
ydgA   1539201 1540709 -1
ydgC   1552147 1552482 1
ydgE   1560599 1560928 1
ydgF   1560250 1560612 1
ydgH   1554224 1555168 -1
ydgI   1552544 1553926 -1
ydgJ   1536306 1537421 1
ydgK   1535006 1535446 -1
ydgM   1533770 1534348 -1
ydgO   1530511 1531569 -1
ydgP   1529887 1530507 -1
ydgQ   1529192 1529884 -1
ydgR   1526450 1527955 -1
ydgT   1535535 1535750 -1
ydhA   1522316 1522645 1
ydhB   1506991 1507923 1
ydhC   1505673 1506878 -1
ydhD   1511277 1511624 1
ydhE   1501962 1503335 -1
ydhF   1515074 1515970 1
ydhH   1521107 1522228 1
ydhI   1519449 1519685 -1
ydhJ   1518586 1519482 -1
ydhL   1514784 1515023 1
ydhM   1514082 1514681 -1
ydhO   1510121 1510975 -1
ydiA   1426600 1427433 -1
ydiB   1440420 1441286 -1
ydiD   1430189 1431829 -1
ydiE   1425050 1425241 -1
ydiF   1437868 1439421 -1
ydiH   1450027 1450254 1
ydiJ   1446504 1449560 1
ydiK   1445121 1446239 -1
ydiL   1444304 1444663 -1
ydiM   1442952 1444163 -1
ydiN   1441353 1442588 -1
ydiO   1436703 1437854 -1
ydiP   1435737 1436627 1
ydiQ   1434509 1435273 -1
ydiR   1433552 1434487 -1
ydiS   1432209 1433495 -1
ydiT   1431919 1432212 -1
ydiU   1423573 1425015 1
ydiV   1422798 1423511 1
ydiY   1406311 1407069 1
ydiZ   1404703 1404993 -1
ydjA   1374940 1375491 1
ydjM   1401603 1402202 -1
ydjN   1400075 1401466 -1
yeaA   1370000 1370443 1
yeaB   1922537 1923115 1
yeaC   1370485 1370763 1
yeaD   1367474 1368358 -1
yeaG   1361828 1363762 -1
yeaH   1360419 1361705 -1
yeaJ   1358285 1359778 -1
yeaK   1357717 1358235 -1
yeaL   1357003 1357407 -1
yeaM   1356188 1356982 1
yeaN   1354903 1356087 -1
yeaO   1354437 1354784 -1
yeaQ   1353139 1353387 1
yeaR   1351406 1351768 1
yeaS   1350595 1351233 1
yeaZ   1917765 1918460 -1
yebA   1985080 1986399 -1
yebB   1992627 1993226 1
yebC   1993786 1994526 -1
yebE   1974069 1974728 -1
yebF   1974822 1975175 -1
yebG   1975243 1975533 -1
yebK   1981484 1982353 1
yebN   1932090 1932710 1
yebR   1943986 1944570 -1
yebS   1944612 1945895 1
yebU   1948575 1950014 1
yebW   1950479 1950670 1
yecA   2031686 2032351 -1
yecC   2040612 2041364 -1
yecD   1997208 1997774 1
yecE   1997771 1998589 1
yecF   2039367 2039591 1
yecG   2022854 2023282 1
yecH   2029934 2030173 -1
yecM   2001791 2002360 -1
yecN   1998642 1999037 1
yecO   1999078 1999821 1
yecP   1999818 2000789 1
yecS   2041361 2042029 -1
yedA   2072969 2073889 1
yedD   2053191 2053616 -1
yedE   2053742 2055007 1
yedF   2055004 2055237 1
yedI   2071882 2072793 -1
yedJ   2075833 2076528 -1
yedO   2042050 2043036 -1
yedP   2068949 2069764 1
yeeA   2134228 2135286 -1
yeeF   2145827 2147191 -1
yeeI   2082351 2083148 1
yeeN   4752665 4753390 -1
yeeO   2094377 2095834 -1
yeeX   2133648 2133983 -1
yeeY   2147471 2148385 -1
yeeZ   2148431 2149255 -1
yegB   2221725 2223137 1
yegD   2212491 2213843 1
yegE   2208530 2211520 1
yegH   2203325 2204905 1
yegN   2215525 2218647 1
yegO   2218648 2221728 1
yegQ   2229684 2231045 1
yegS   2234013 2234912 1
yegT   2236271 2237542 1
yegU   2237539 2238543 1
yegV   2238540 2239505 1
yegW   2239479 2240225 -1
yehE   2247906 2248187 -1
yehR   2252013 2252471 1
yehS   2253230 2253697 -1
yehT   2253744 2254463 -1
yehU   2254460 2256145 -1
yehV   2256368 2257099 1
yehW   2257247 2257978 -1
yehX   2257962 2258909 -1
yehY   2258902 2260071 -1
yehZ   2260075 2260992 -1
yeiA   2282628 2283863 1
yeiB   2289287 2290429 -1
yeiE   2300547 2301410 -1
yeiG   2291442 2292179 1
yeiH   2301531 2302580 1
yeiP   2310493 2311296 1
yeiR   2311509 2312495 1
yeiU   2312525 2313244 1
yejA   2316219 2318024 1
yejB   2318034 2319128 1
yejE   2319128 2320153 1
yejF   2320155 2321744 1
yejG   2321748 2322092 -1
yejH   2324548 2326308 1
yejK   2327474 2328481 -1
yejL   2328661 2328888 1
yejM   2328920 2330680 1
yfaE   2384928 2385182 1
yfaO   2402597 2403022 1
yfaV   2396869 2398158 -1
yfaW   2398214 2399431 -1
yfaX   2399433 2400215 -1
yfaZ   2401776 2402423 -1
yfbB   2414871 2415629 -1
yfbE   2403953 2405110 1
yfbG   2406093 2408075 1
yfbK   2421685 2423466 -1
yfbQ   2441995 2443209 1
yfbS   2443994 2445820 -1
yfbT   2445897 2446574 -1
yfbU   2446567 2447061 -1
yfcA   2492904 2493713 -1
yfcB   2495662 2496594 -1
yfcC   2451580 2453100 1
yfcE   2459019 2459570 -1
yfcF   2459626 2460270 -1
yfcG   2460413 2461060 1
yfcH   2461186 2462079 1
yfcL   2492048 2492323 -1
yfcM   2492356 2492904 -1
yfcN   2496760 2497311 1
yfcX   2498105 2500252 -1
yfcY   2500252 2501562 -1
yfcZ   2501740 2502024 -1
yfdC   2504807 2505748 1
yfdH   616437 617363 -1
yfdZ   2516005 2517243 -1
yfeA   2526558 2528747 -1
yfeC   2529353 2529715 1
yfeD   2529717 2530109 1
yfeH   2537786 2538784 1
yfeJ   2549810 2550529 1
yfeK   2550588 2550968 1
yfeL   2550981 2551520 1
yfeN   2535947 2536708 1
yfeR   2536770 2537696 -1
yfeZ   2559259 2559708 -1
yffB   2597334 2597690 1
yffH   2587089 2587664 -1
yfgA   2657401 2658405 -1
yfgB   2658697 2659863 -1
yfgD   2609474 2609833 1
yfgE   2609860 2610585 -1
yfgJ   2651147 2651368 -1
yfgL   2653048 2654226 -1
yfgM   2654237 2654857 -1
yfhA   2704074 2705411 -1
yfhB   2714568 2715203 -1
yfhC   2713992 2714543 -1
yfhD   2712397 2713941 1
yfhF   2680771 2681094 -1
yfhG   2705408 2706172 -1
yfhH   2717588 2718436 1
yfhJ   2677648 2677848 -1
yfhK   2706174 2707616 -1
yfhL   2721690 2721950 1
yfhP   2682931 2683425 -1
yfiA   2807668 2808006 1
yfiC   2782035 2782772 -1
yfiD   2785906 2786289 -1
yfiE   2784255 2785154 -1
yfiF   2787413 2788450 -1
yfiH   2804819 2805550 -1
yfiK   2785257 2785844 1
yfiM   2794055 2794378 1
yfiN   2813496 2814716 1
yfiO   2806659 2807396 1
yfiP   2789146 2789826 1
yfiQ   2789880 2792540 1
yfiR   2812985 2813503 1
yfjB   2822300 2823178 1
yfjD   2819585 2820826 1
yfjF   2825578 2825868 -1
yfjG   2825858 2826334 -1
ygaA   2983365 2984885 -1
ygaC   2948809 2949159 -1
ygaD   2976000 2976497 -1
ygaE   2944452 2945129 1
ygaF   2938844 2940112 1
ygaM   2949309 2949647 1
ygaP   2946350 2946877 1
ygaU   2945151 2945600 -1
ygbA   3005842 3006186 -1
ygbD   2986507 2987640 1
ygbE   3071976 3072332 -1
ygbF   3078244 3078540 -1
ygbI   3061824 3062588 1
ygbJ   3060704 3061627 -1
ygbK   3059448 3060710 -1
ygbL   3058813 3059451 -1
ygbM   3058032 3058808 -1
ygbO   3069220 3070269 -1
ygbQ   3071474 3071785 -1
ygcA   3105166 3106461 -1
ygcB   3084040 3086703 -1
ygcF   3096557 3097228 -1
ygcH   3079454 3080104 -1
ygcY   3111900 3113240 -1
ygdB   3156404 3156811 -1
ygdD   3133858 3134253 -1
ygdE   3132765 3133865 -1
ygdH   3118842 3120206 1
ygdI   3135536 3135763 -1
ygdK   3137161 3137604 1
ygdL   3138843 3139649 -1
ygdP   3162168 3162698 -1
ygdQ   3164258 3164971 1
ygdR   3165141 3165359 1
ygeA   3174982 3175689 -1
ygeD   3166677 3167879 -1
ygfA   3222350 3222898 1
ygfB   3220982 3221566 -1
ygfE   3221727 3222056 1
ygfX   3206008 3206421 -1
ygfY   3206402 3206668 -1
ygfZ   3206918 3207898 1
yggA   3227589 3228224 -1
yggB   3228424 3229284 -1
yggE   3226749 3227495 -1
yggG   3238660 3239418 1
yggH   3267811 3268530 -1
yggJ   3256140 3256919 1
yggL   3267485 3267811 -1
yggM   3264341 3265348 -1
yggN   3266716 3267435 -1
yggR   3259946 3260926 -1
yggS   3260944 3261648 1
yggT   3261667 3262233 1
yggU   3262230 3262520 1
yggV   3262528 3263121 1
yggW   3263114 3264250 1
yggX   3269765 3270040 1
yghA   3318580 3319464 1
yghB   3322322 3322981 1
yghJ   3080843 3081901 -1
yghU   3304430 3305296 1
yghW   3313952 3314239 -1
ygiB   3350255 3350926 1
ygiC   3350932 3352095 1
ygiD   3352157 3352987 -1
ygiE   3353086 3353859 1
ygiF   3367001 3368302 -1
ygiH   3371952 3372563 1
ygiK   3333115 3334422 1
ygiM   3368544 3369158 1
ygiN   3343523 3343837 1
ygiR   3328938 3331109 -1
ygiW   3340254 3340646 -1
ygiX   3340798 3341457 1
ygiY   3341454 3342803 1
ygjO   3388354 3389490 -1
ygjP   3389576 3390073 1
ygjQ   3390225 3390917 1
ygjR   3391006 3392004 1
ygjT   3392277 3393245 1
ygjU   3393500 3394744 1
yhaH   3399608 3399973 1
yhaJ   3400012 3400908 -1
yhaK   3401013 3401714 1
yhaL   3401738 3401902 1
yhaN   3402015 3403325 -1
yhaO   3403351 3404682 -1
yhbC   3457843 3458265 -1
yhbG   3483637 3484362 1
yhbH   3485866 3486153 1
yhbJ   3486808 3487662 1
yhbL   3489612 3490265 -1
yhbN   3483076 3483630 1
yhbO   3437752 3438270 1
yhbP   3438250 3438693 -1
yhbQ   3438731 3439048 1
yhbS   3439035 3439538 -1
yhbT   3439532 3440056 -1
yhbU   3440273 3441268 1
yhbV   3441259 3442155 1
yhbW   3442333 3443340 1
yhbY   3467442 3467774 1
yhbZ   3470219 3471391 -1
yhcB   3514856 3515260 1
yhcC   3492922 3493851 -1
yhcG   3500618 3501721 1
yhcH   3504441 3504908 -1
yhcK   3509147 3509938 -1
yhcM   3513545 3514669 -1
yhcN   3528863 3529126 1
yhcO   3529556 3529828 -1
yhcP   3530000 3531967 -1
yhcQ   3531973 3532905 -1
yhcR   3532913 3533116 -1
yhcS   3533298 3534227 1
yhdA   3544867 3546807 -1
yhdE   3541306 3541899 -1
yhdG   3555271 3556236 1
yhdH   3547011 3547985 1
yhdJ   3556644 3557528 1
yhdN   3582401 3582769 -1
yhdP   3535940 3539740 -1
yhdT   3552034 3552276 1
yhdU   3557611 3557775 1
yhdV   3565622 3565843 1
yheL   3602835 3603122 -1
yheM   3603130 3603486 -1
yheN   3603486 3603872 -1
yheO   3603872 3604594 -1
yheR   3609016 3609567 -1
yheS   3609833 3611740 1
yheT   3612635 3613702 1
yheU   3613710 3613916 1
yheV   3607000 3607200 -1
yhfA   3614933 3615337 -1
yhfC   3622071 3623252 1
yhfG   3620946 3621113 -1
yhfK   3616326 3618413 1
yhfL   3635932 3636102 1
yhgE   3654477 3656186 -1
yhgF   3661126 3663453 1
yhgG   3666467 3666703 1
yhgH   3668696 3669379 1
yhgI   3669438 3670013 1
yhgN   3709861 3710241 1
yhhA   3722330 3722746 1
yhhF   3740347 3740943 1
yhhJ   3751834 3752958 -1
yhhK   3733924 3734307 1
yhhL   3740930 3741202 1
yhhM   3741224 3741595 -1
yhhN   3741737 3742363 1
yhhP   3746509 3746754 -1
yhhQ   3746924 3747589 1
yhhS   3748223 3749482 -1
yhhT   3749572 3750621 1
yhhV   3728301 3728528 -1
yhhW   3713292 3713987 -1
yhhX   3714111 3715148 -1
yhhY   3715617 3716105 1
yhiH   3752958 3755648 -1
yhiI   3755696 3756763 -1
yhiN   3757069 3758265 -1
yhiP   3761614 3763083 1
yhiQ   3763175 3763933 -1
yhiR   3767646 3768488 1
yhjB   3779468 3780070 -1
yhjC   3780701 3781600 1
yhjD   3781673 3782701 1
yhjE   3783052 3784374 1
yhjG   3784414 3786474 -1
yhjH   3786584 3787351 -1
yhjJ   3788563 3790050 -1
yhjK   3791714 3793687 -1
yhjL   3793894 3797436 -1
yhjN   3798531 3800831 -1
yhjO   3800842 3803466 -1
yhjQ   3803463 3804215 -1
yhjR   3804216 3804419 -1
yhjS   3804664 3806235 1
yhjT   3806232 3806423 1
yhjU   3806420 3808099 1
yhjV   3808931 3810229 1
yhjW   3820576 3822267 -1
yhjY   3828491 3829195 -1
yiaB   3844385 3844738 -1
yiaC   3829911 3830351 1
yiaD   3832806 3833468 1
yiaE   3833687 3834661 1
yiaF   3834711 3835421 -1
yiaG   3835860 3836150 1
yiaH   3843367 3844362 1
yiaJ   3854609 3855409 -1
yiaK   3855639 3856637 1
yiaL   3856649 3857113 1
yiaM   3858208 3858681 1
yiaN   3858684 3859961 1
yiaO   3859973 3860959 1
yibD   3901354 3902388 -1
yibF   3874183 3874791 -1
yibK   3889591 3890064 1
yibL   3879649 3880011 1
yibN   3896885 3897316 -1
yibP   3899118 3900401 1
yibR   3915683 3915916 -1
yicC   3927521 3928384 1
yicE   3941252 3942643 1
yicF   3931156 3932841 -1
yicH   3942764 3944473 1
yicI   3944576 3946894 -1
yicJ   3946906 3948288 -1
yicL   3965692 3966594 1
yicM   3977385 3978578 -1
yicN   3985535 3985987 -1
yidA   4034205 4035050 -1
yidC   4046425 4048071 1
yidE   4007527 4009188 -1
yidF   4005857 4006387 -1
yidG   4006384 4006746 -1
yidH   4006736 4007083 -1
yidQ   4010636 4010971 1
yidR   4010973 4012199 -1
yidY   4054077 4055264 1
yidZ   4055233 4056192 1
yieE   4056350 4057105 1
yieF   4057105 4057689 1
yieG   4057734 4059197 -1
yieH   4059240 4059905 1
yieM   4086305 4087729 -1
yieN   4087750 4089246 -1
yieO   4097508 4098935 -1
yieP   4098947 4099651 -1
yifA   4105545 4106393 -1
yifB   4106863 4108383 -1
yifE   4106500 4106838 1
yifK   4139420 4140805 1
yifL   4152022 4152225 1
yifZ   4632101 4633027 1
yigA   4153083 4153790 1
yigB   4154689 4155405 1
yigC   3930542 3931159 1
yigC   4183598 4185076 1
yigF   4159174 4159554 -1
yigG   4159570 4160028 -1
yigI   4160991 4161476 -1
yigL   4166892 4167692 1
yigM   4167773 4168672 1
yigN   4175765 4177195 1
yigP   4178056 4178661 1
yigQ   3900405 3901367 1
yigW   4182134 4182916 1
yigZ   4193020 4193634 1
yihA   4209252 4209884 -1
yihD   4202850 4203119 1
yihE   4203196 4204182 1
yihG   4204835 4205743 -1
yihI   4210467 4210982 1
yihO   4225770 4227191 -1
yihP   4227237 4228619 -1
yihQ   4228665 4230701 -1
yihR   4230745 4231602 -1
yihS   4231606 4232847 -1
yihT   4232863 4233741 -1
yihU   4233764 4234660 -1
yihV   4234825 4235721 1
yihW   4235755 4236558 1
yihX   4236749 4237348 1
yihZ   4238211 4238648 1
yiiD   4238645 4239634 1
yiiG   4250363 4251421 1
yiiL   4253496 4253810 -1
yiiM   4267166 4267918 1
yiiP   4271243 4272145 1
yiiQ   4291145 4291741 -1
yiiR   4291842 4292270 1
yiiU   4297115 4297354 1
yijC   4345579 4346214 1
yijD   4346230 4346589 1
yijF   4321821 4322444 -1
yijO   4332297 4333148 -1
yijP   4333309 4335042 -1
yjaB   4400247 4400684 -1
yjaD   4383331 4384104 1
yjaG   4385932 4386522 1
yjaH   4386993 4387685 1
yjbA   4446172 4446582 1
yjbB   4412289 4413920 1
yjbC   4415479 4416348 1
yjbD   4416345 4416617 -1
yjbE   4442252 4442497 1
yjbF   4442531 4443199 1
yjbG   4443196 4443933 1
yjbH   4443933 4446029 1
yjbJ   4461489 4461701 1
yjbN   4463960 4464958 1
yjbO   4465126 4465368 1
yjbQ   4471525 4471941 1
yjbR   4471944 4472300 1
yjcB   4501537 4501818 -1
yjcC   4502381 4503982 1
yjcD   4506146 4507495 1
yjcE   4507645 4509291 1
yjcG   4511508 4513157 -1
yjcH   4513154 4513468 -1
yjcO   4524484 4525173 -1
yjdB   4534384 4536027 -1
yjdC   4566770 4567345 -1
yjdE   4536161 4537498 -1
yjdL   2702150 2703610 1
yjeA   4586095 4587072 1
yjeB   4610601 4611026 1
yjeE   4599886 4600347 1
yjeF   4598367 4599914 1
yjeH   4573257 4574498 -1
yjeI   4576983 4577354 1
yjeJ   4577402 4578259 -1
yjeK   4578541 4579569 -1
yjeM   4587298 4588800 1
yjeO   4588852 4589166 1
yjeP   4589233 4592559 -1
yjeQ   4593638 4594714 -1
yjeS   4597229 4598383 -1
yjeT   4608796 4608993 1
yjfC   4618366 4619529 1
yjfH   4613593 4614324 1
yjfI   4614456 4614860 1
yjfJ   4614875 4615573 1
yjfK   4616616 4617299 1
yjfL   4617317 4617715 1
yjfM   4617725 4618363 1
yjfN   4621281 4621601 -1
yjfO   4621687 4622016 -1
yjfP   4622200 4622949 1
yjfQ   4622946 4623701 -1
yjfR   4623806 4624870 -1
yjfY   4629768 4630043 -1
yjgA   4681180 4681731 -1
yjgB   4729769 4730788 -1
yjgD   4712917 4713333 1
yjgF   4703033 4703419 -1
yjgG   4705022 4705162 1
yjgK   4711221 4711673 1
yjgM   4714986 4715489 -1
yjgN   4715684 4716871 1
yjgP   4722354 4723454 1
yjgQ   4723454 4724536 1
yjhP   4753941 4755572 -1
yjiA   4786300 4787256 -1
yjiE   4765066 4765974 -1
yjiG   4767278 4767739 -1
yjiH   4767736 4768620 -1
yjiJ   4769280 4770464 -1
yjiN   4770684 4771955 -1
yjiO   4772042 4773283 -1
yjiS   4776033 4776197 1
yjiW   4777047 4777379 -1
yjiX   4787267 4787470 -1
yjiY   4787565 4789715 -1
yjjA   4802273 4802734 -1
yjjG   4813116 4813796 1
yjjI   4819621 4821171 -1
yjjK   4837159 4838826 -1
yjjP   4804628 4805539 -1
yjjQ   4806117 4806842 1
yjjU   4816910 4817983 1
yjjV   4817980 4818753 1
yjjW   4818786 4819649 -1
yjjX   4841458 4841973 -1
yjjY   4856182 4856322 1
ylaB   524577 526127 -1
ylaC   526814 527284 -1
ylbA   587927 588712 -1
ylbE   593034 594293 1
ylbF   594305 595114 1
yliA   918101 919972 1
yliB   920005 921543 1
yliC   921604 922524 1
yliD   922527 923438 1
yliG   923529 924854 -1
yliH   925085 925468 1
yliI   933950 934630 1
yliJ   934627 935253 -1
yljA   1022347 1022667 1
ymbA   1156822 1157385 1
ymdA   1232604 1232924 1
ymdC   1233491 1234975 1
ymdF   1206204 1206371 1
ymfB   1322749 1323210 -1
ymfC   1323548 1324213 -1
ymgE   1896845 1897099 -1
ynaF   1746131 1746565 1
ynaI   1756772 1757803 1
ynaJ   1756279 1756533 -1
ynbE   1736962 1737153 -1
yncA   1678345 1678860 1
yncB   1677096 1678166 -1
yncC   1676097 1676762 -1
yncD   1673910 1676030 1
yncJ   1693405 1693635 1
yneA   4287100 4288122 1
yneB   4288151 4289026 1
yneC   4289070 4289399 1
yneG   1603570 1603929 1
yneH   1602644 1603570 1
yneI   1601183 1602571 1
yneJ   1600208 1601080 -1
ynfA   1581800 1582126 1
ynfB   1581306 1581647 -1
ynfC   1579950 1580669 1
ynfD   1579547 1579855 -1
ynfI   1572274 1572888 -1
ynfK   1566447 1567142 1
ynfL   1564074 1564973 1
ynfM   1562701 1563954 -1
ynhA   1457418 1457834 1
ynhG   1457989 1458990 1
yniB   1403157 1403693 1
yniC   1402340 1403008 -1
yoaA   1918518 1920428 -1
yoaB   1920559 1920903 1
yoaE   1926504 1928060 -1
yoaG   1351771 1351953 1
yoaH   1920909 1921088 -1
yobA   1969542 1969916 -1
yobF   1935769 1935912 -1
yobG   1936919 1937062 -1
yodD   2068412 2068639 1
yohC   2266638 2267225 -1
yohD   2267357 2267953 1
yohF   2268002 2268763 -1
yohG   2268829 2270265 -1
yohI   2270724 2271662 -1
yohJ   2277922 2278320 1
yohK   2278317 2279012 1
yohL   3183783 3184055 -1
yohM   3184177 3185043 1
yojI   2360762 2362405 -1
yojN   2367308 2369977 1
ypeC   2523332 2523658 1
ypfG   2585921 2586964 -1
ypfI   2599076 2601094 -1
yqaA   2968568 2968993 -1
yqaB   2968990 2969556 -1
yqaE   2945700 2945858 -1
yqcB   3115544 3116326 -1
yqcC   3116326 3116655 -1
yqcD   3117881 3118729 1
yqeF   3179658 3180836 -1
yqfA   3208014 3208673 -1
yqfB   3208837 3209148 -1
yqgA   3275333 3276040 1
yqgB   3250912 3251043 -1
yqgC   3251177 3251341 1
yqgD   3251338 3251637 -1
yqgE   3258102 3258665 1
yqgF   3258665 3259081 1
yqhA   3316274 3316768 -1
yqhC   3323045 3323962 -1
yqhD   3324137 3325300 1
yqhE   3325406 3326233 1
yqiA   3345882 3346463 -1
yqiB   3347315 3347737 -1
yqiC   3358881 3359240 1
yqiE   3347734 3348366 -1
yqiK   3360420 3362099 1
yqjA   3395194 3395856 1
yqjB   3395860 3396243 1
yqjC   3396388 3396756 1
yqjD   3396798 3397103 1
yqjE   3397106 3397504 1
yqjF   3397945 3398430 1
yqjG   3398498 3399484 1
yqjH   3379159 3379926 -1
yqjI   3380158 3380805 1
yqjK   3397501 3397800 1
yraL   3432400 3433263 -1
yraM   3433327 3435369 1
yraN   3435327 3435722 1
yraO   3435744 3436334 1
yraP   3436344 3436919 1
yraR   3436986 3437654 -1
yrbA   3476208 3476501 -1
yrbB   3476650 3476946 -1
yrbC   3476946 3477581 -1
yrbD   3477600 3478151 -1
yrbE   3478156 3478938 -1
yrbF   3478946 3479758 -1
yrbG   3479971 3480948 1
yrbH   3480962 3481948 1
yrbI   3481969 3482535 1
yrbK   3482532 3483107 1
yrbL   3488180 3488812 1
yrdA   3572482 3573036 1
yrdB   3573012 3573269 -1
yrdC   3574089 3574661 -1
yrdD   3574666 3575208 -1
yrfA   3644366 3644767 -1
yrfB   3644757 3645230 -1
yrfC   3645214 3645753 -1
yrfD   3645753 3646532 -1
yrfE   3649301 3649897 -1
yrfF   3650187 3652319 1
yrfG   3652384 3653052 1
yrfH   3653063 3653464 1
yrfI   3653483 3654367 1
ysaA   3854019 3854492 -1
ysdA   3998333 3998447 1
ysdB   3998444 3998533 1
yshA   4225010 4225702 -1
ytfB   4633077 4633712 -1
ytfE   4636369 4637031 -1
ytfF   4637134 4638099 -1
ytfG   4638180 4639028 -1
ytfH   4639116 4639502 1
ytfJ   4642501 4643058 -1
ytfK   4643319 4643591 1
ytfL   4643676 4645019 -1
ytfM   4646053 4647786 1
ytfN   4647783 4651562 1
ytfP   4651565 4651909 1
ytgA   4714391 4714879 -1
zipA   2541088 2542074 -1
zntA   3742444 3744642 1
zntR   3581965 3582390 -1
znuA   1986415 1987416 -1
znuB   1988190 1988975 1
znuC   1987387 1988193 1
zraP   4387727 4388182 -1
zur    4461800 4462315 -1
zwf    1979667 1981142 -1
